#Distance_(Ang) Int[:339@O2A]
       0.005000      0.000000
       0.015000      0.000000
       0.025000      0.000000
       0.035000      0.000000
       0.045000      0.000000
       0.055000      0.000000
       0.065000      0.000000
       0.075000      0.000000
       0.085000      0.000000
       0.095000      0.000000
       0.105000      0.000000
       0.115000      0.000000
       0.125000      0.000000
       0.135000      0.000000
       0.145000      0.000000
       0.155000      0.000000
       0.165000      0.000000
       0.175000      0.000000
       0.185000      0.000000
       0.195000      0.000000
       0.205000      0.000000
       0.215000      0.000000
       0.225000      0.000000
       0.235000      0.000000
       0.245000      0.000000
       0.255000      0.000000
       0.265000      0.000000
       0.275000      0.000000
       0.285000      0.000000
       0.295000      0.000000
       0.305000      0.000000
       0.315000      0.000000
       0.325000      0.000000
       0.335000      0.000000
       0.345000      0.000000
       0.355000      0.000000
       0.365000      0.000000
       0.375000      0.000000
       0.385000      0.000000
       0.395000      0.000000
       0.405000      0.000000
       0.415000      0.000000
       0.425000      0.000000
       0.435000      0.000000
       0.445000      0.000000
       0.455000      0.000000
       0.465000      0.000000
       0.475000      0.000000
       0.485000      0.000000
       0.495000      0.000000
       0.505000      0.000000
       0.515000      0.000000
       0.525000      0.000000
       0.535000      0.000000
       0.545000      0.000000
       0.555000      0.000000
       0.565000      0.000000
       0.575000      0.000000
       0.585000      0.000000
       0.595000      0.000000
       0.605000      0.000000
       0.615000      0.000000
       0.625000      0.000000
       0.635000      0.000000
       0.645000      0.000000
       0.655000      0.000000
       0.665000      0.000000
       0.675000      0.000000
       0.685000      0.000000
       0.695000      0.000000
       0.705000      0.000000
       0.715000      0.000000
       0.725000      0.000000
       0.735000      0.000000
       0.745000      0.000000
       0.755000      0.000000
       0.765000      0.000000
       0.775000      0.000000
       0.785000      0.000000
       0.795000      0.000000
       0.805000      0.000000
       0.815000      0.000000
       0.825000      0.000000
       0.835000      0.000000
       0.845000      0.000000
       0.855000      0.000000
       0.865000      0.000000
       0.875000      0.000000
       0.885000      0.000000
       0.895000      0.000000
       0.905000      0.000000
       0.915000      0.000000
       0.925000      0.000000
       0.935000      0.000000
       0.945000      0.000000
       0.955000      0.000000
       0.965000      0.000000
       0.975000      0.000000
       0.985000      0.000000
       0.995000      0.000000
       1.005000      0.000000
       1.015000      0.000000
       1.025000      0.000000
       1.035000      0.000000
       1.045000      0.000000
       1.055000      0.000000
       1.065000      0.000000
       1.075000      0.000000
       1.085000      0.000000
       1.095000      0.000000
       1.105000      0.000000
       1.115000      0.000000
       1.125000      0.000000
       1.135000      0.000000
       1.145000      0.000000
       1.155000      0.000000
       1.165000      0.000000
       1.175000      0.000000
       1.185000      0.000000
       1.195000      0.000000
       1.205000      0.000000
       1.215000      0.000000
       1.225000      0.000000
       1.235000      0.000000
       1.245000      0.000000
       1.255000      0.000000
       1.265000      0.000000
       1.275000      0.000000
       1.285000      0.000000
       1.295000      0.000000
       1.305000      0.000000
       1.315000      0.000000
       1.325000      0.000000
       1.335000      0.000000
       1.345000      0.000000
       1.355000      0.000000
       1.365000      0.000000
       1.375000      0.000000
       1.385000      0.000000
       1.395000      0.000000
       1.405000      0.000000
       1.415000      0.000000
       1.425000      0.000000
       1.435000      0.000000
       1.445000      0.000000
       1.455000      0.000000
       1.465000      0.000000
       1.475000      0.000000
       1.485000      0.000000
       1.495000      0.000000
       1.505000      0.000000
       1.515000      0.000000
       1.525000      0.000000
       1.535000      0.000157
       1.545000      0.000314
       1.555000      0.000314
       1.565000      0.000471
       1.575000      0.000784
       1.585000      0.001098
       1.595000      0.001882
       1.605000      0.002510
       1.615000      0.003608
       1.625000      0.004863
       1.635000      0.006431
       1.645000      0.008471
       1.655000      0.011451
       1.665000      0.014745
       1.675000      0.018353
       1.685000      0.023686
       1.695000      0.030118
       1.705000      0.036392
       1.715000      0.044549
       1.725000      0.051294
       1.735000      0.059137
       1.745000      0.068078
       1.755000      0.076706
       1.765000      0.087373
       1.775000      0.099137
       1.785000      0.110902
       1.795000      0.122510
       1.805000      0.137098
       1.815000      0.153255
       1.825000      0.170824
       1.835000      0.186824
       1.845000      0.200471
       1.855000      0.219137
       1.865000      0.238118
       1.875000      0.254902
       1.885000      0.272941
       1.895000      0.290039
       1.905000      0.305412
       1.915000      0.325490
       1.925000      0.341961
       1.935000      0.356235
       1.945000      0.372392
       1.955000      0.388078
       1.965000      0.407059
       1.975000      0.425725
       1.985000      0.442196
       1.995000      0.459451
       2.005000      0.476392
       2.015000      0.492078
       2.025000      0.507765
       2.035000      0.522980
       2.045000      0.534902
       2.055000      0.553882
       2.065000      0.569412
       2.075000      0.584471
       2.085000      0.596392
       2.095000      0.610353
       2.105000      0.624784
       2.115000      0.638431
       2.125000      0.653647
       2.135000      0.667137
       2.145000      0.680314
       2.155000      0.694745
       2.165000      0.708706
       2.175000      0.721882
       2.185000      0.738039
       2.195000      0.747608
       2.205000      0.758902
       2.215000      0.769725
       2.225000      0.780863
       2.235000      0.791373
       2.245000      0.802353
       2.255000      0.813490
       2.265000      0.826039
       2.275000      0.834980
       2.285000      0.845176
       2.295000      0.853333
       2.305000      0.864157
       2.315000      0.877176
       2.325000      0.888627
       2.335000      0.899294
       2.345000      0.908863
       2.355000      0.920471
       2.365000      0.930980
       2.375000      0.939922
       2.385000      0.949020
       2.395000      0.958118
       2.405000      0.967843
       2.415000      0.976000
       2.425000      0.984314
       2.435000      0.994510
       2.445000      1.002824
       2.455000      1.011765
       2.465000      1.022431
       2.475000      1.032314
       2.485000      1.040471
       2.495000      1.048157
       2.505000      1.060392
       2.515000      1.069333
       2.525000      1.078588
       2.535000      1.090667
       2.545000      1.100863
       2.555000      1.110745
       2.565000      1.121255
       2.575000      1.131922
       2.585000      1.143059
       2.595000      1.152941
       2.605000      1.165804
       2.615000      1.177412
       2.625000      1.189333
       2.635000      1.202510
       2.645000      1.215059
       2.655000      1.227922
       2.665000      1.240941
       2.675000      1.256000
       2.685000      1.270275
       2.695000      1.285020
       2.705000      1.300078
       2.715000      1.317020
       2.725000      1.330039
       2.735000      1.347294
       2.745000      1.362667
       2.755000      1.379765
       2.765000      1.395451
       2.775000      1.413176
       2.785000      1.431216
       2.795000      1.452549
       2.805000      1.471216
       2.815000      1.490824
       2.825000      1.512941
       2.835000      1.533333
       2.845000      1.557490
       2.855000      1.579922
       2.865000      1.603922
       2.875000      1.627451
       2.885000      1.652549
       2.895000      1.680627
       2.905000      1.708706
       2.915000      1.737255
       2.925000      1.771451
       2.935000      1.801255
       2.945000      1.833882
       2.955000      1.866353
       2.965000      1.896627
       2.975000      1.926431
       2.985000      1.960157
       2.995000      1.995294
       3.005000      2.031059
       3.015000      2.066196
       3.025000      2.108549
       3.035000      2.145412
       3.045000      2.183373
       3.055000      2.221333
       3.065000      2.263843
       3.075000      2.306510
       3.085000      2.344471
       3.095000      2.388235
       3.105000      2.428078
       3.115000      2.471059
       3.125000      2.514353
       3.135000      2.561882
       3.145000      2.606902
       3.155000      2.654275
       3.165000      2.706353
       3.175000      2.757804
       3.185000      2.805647
       3.195000      2.850667
       3.205000      2.900235
       3.215000      2.949176
       3.225000      2.997490
       3.235000      3.043451
       3.245000      3.094431
       3.255000      3.145412
       3.265000      3.196392
       3.275000      3.248941
       3.285000      3.296000
       3.295000      3.346196
       3.305000      3.401098
       3.315000      3.452706
       3.325000      3.504000
       3.335000      3.556706
       3.345000      3.608941
       3.355000      3.657882
       3.365000      3.712784
       3.375000      3.765647
       3.385000      3.815059
       3.395000      3.871843
       3.405000      3.926275
       3.415000      3.978824
       3.425000      4.033255
       3.435000      4.081882
       3.445000      4.135059
       3.455000      4.182431
       3.465000      4.235765
       3.475000      4.285020
       3.485000      4.341020
       3.495000      4.393569
       3.505000      4.447216
       3.515000      4.506667
       3.525000      4.557176
       3.535000      4.611294
       3.545000      4.664784
       3.555000      4.717490
       3.565000      4.767843
       3.575000      4.818667
       3.585000      4.874039
       3.595000      4.928314
       3.605000      4.981647
       3.615000      5.035137
       3.625000      5.085020
       3.635000      5.143373
       3.645000      5.201882
       3.655000      5.257569
       3.665000      5.312941
       3.675000      5.366275
       3.685000      5.427922
       3.695000      5.485333
       3.705000      5.544314
       3.715000      5.595765
       3.725000      5.652235
       3.735000      5.710745
       3.745000      5.772392
       3.755000      5.832000
       3.765000      5.884549
       3.775000      5.946980
       3.785000      6.004706
       3.795000      6.065098
       3.805000      6.124863
       3.815000      6.185725
       3.825000      6.245176
       3.835000      6.307137
       3.845000      6.368941
       3.855000      6.436235
       3.865000      6.499294
       3.875000      6.561255
       3.885000      6.626980
       3.895000      6.693176
       3.905000      6.756863
       3.915000      6.822431
       3.925000      6.889882
       3.935000      6.957490
       3.945000      7.024784
       3.955000      7.093961
       3.965000      7.162196
       3.975000      7.234039
       3.985000      7.300706
       3.995000      7.373961
       4.005000      7.451765
       4.015000      7.528000
       4.025000      7.598588
       4.035000      7.668549
       4.045000      7.749961
       4.055000      7.828392
       4.065000      7.903686
       4.075000      7.976471
       4.085000      8.052863
       4.095000      8.130196
       4.105000      8.197020
       4.115000      8.272314
       4.125000      8.349020
       4.135000      8.420392
       4.145000      8.498980
       4.155000      8.574275
       4.165000      8.648784
       4.175000      8.726431
       4.185000      8.803451
       4.195000      8.880314
       4.205000      8.960314
       4.215000      9.041255
       4.225000      9.122510
       4.235000      9.202353
       4.245000      9.285333
       4.255000      9.366275
       4.265000      9.450196
       4.275000      9.533961
       4.285000      9.616471
       4.295000      9.700706
       4.305000      9.778510
       4.315000      9.861333
       4.325000      9.941020
       4.335000     10.018196
       4.345000     10.096000
       4.355000     10.181176
       4.365000     10.264784
       4.375000     10.347137
       4.385000     10.428392
       4.395000     10.513098
       4.405000     10.595451
       4.415000     10.678431
       4.425000     10.766588
       4.435000     10.850510
       4.445000     10.927373
       4.455000     11.011608
       4.465000     11.095216
       4.475000     11.174431
       4.485000     11.260392
       4.495000     11.342118
       4.505000     11.435922
       4.515000     11.520784
       4.525000     11.606745
       4.535000     11.689412
       4.545000     11.773961
       4.555000     11.859922
       4.565000     11.946039
       4.575000     12.032314
       4.585000     12.114510
       4.595000     12.199529
       4.605000     12.287373
       4.615000     12.371294
       4.625000     12.461020
       4.635000     12.551686
       4.645000     12.641725
       4.655000     12.732235
       4.665000     12.820235
       4.675000     12.909490
       4.685000     13.002039
       4.695000     13.090980
       4.705000     13.182431
       4.715000     13.279373
       4.725000     13.371608
       4.735000     13.463529
       4.745000     13.558431
       4.755000     13.650353
       4.765000     13.738353
       4.775000     13.832471
       4.785000     13.926275
       4.795000     14.018667
       4.805000     14.115294
       4.815000     14.211137
       4.825000     14.301020
       4.835000     14.384157
       4.845000     14.478431
       4.855000     14.568314
       4.865000     14.661176
       4.875000     14.766431
       4.885000     14.863686
       4.895000     14.956863
       4.905000     15.049725
       4.915000     15.139922
       4.925000     15.241725
       4.935000     15.345255
       4.945000     15.446902
       4.955000     15.548078
       4.965000     15.651137
       4.975000     15.748706
       4.985000     15.856157
       4.995000     15.959216
       5.005000     16.062275
       5.015000     16.169098
       5.025000     16.267608
       5.035000     16.373020
       5.045000     16.478118
       5.055000     16.584941
       5.065000     16.688784
       5.075000     16.790588
       5.085000     16.893176
       5.095000     17.002510
       5.105000     17.112314
       5.115000     17.226510
       5.125000     17.337569
       5.135000     17.448314
       5.145000     17.554353
       5.155000     17.656941
       5.165000     17.764706
       5.175000     17.879216
       5.185000     17.992157
       5.195000     18.103529
       5.205000     18.218824
       5.215000     18.330667
       5.225000     18.441725
       5.235000     18.553255
       5.245000     18.672157
       5.255000     18.791843
       5.265000     18.912314
       5.275000     19.032471
       5.285000     19.148392
       5.295000     19.264471
       5.305000     19.376000
       5.315000     19.485804
       5.325000     19.604392
       5.335000     19.724078
       5.345000     19.846275
       5.355000     19.970039
       5.365000     20.096314
       5.375000     20.218980
       5.385000     20.346039
       5.395000     20.473569
       5.405000     20.606745
       5.415000     20.731922
       5.425000     20.858980
       5.435000     20.984000
       5.445000     21.109647
       5.455000     21.235765
       5.465000     21.367529
       5.475000     21.489569
       5.485000     21.618980
       5.495000     21.745098
       5.505000     21.871686
       5.515000     21.997020
       5.525000     22.122824
       5.535000     22.252392
       5.545000     22.380078
       5.555000     22.507765
       5.565000     22.635294
       5.575000     22.767686
       5.585000     22.898824
       5.595000     23.024157
       5.605000     23.156078
       5.615000     23.287843
       5.625000     23.425098
       5.635000     23.556706
       5.645000     23.685333
       5.655000     23.821804
       5.665000     23.954353
       5.675000     24.084706
       5.685000     24.220549
       5.695000     24.353725
       5.705000     24.491137
       5.715000     24.627137
       5.725000     24.765020
       5.735000     24.897255
       5.745000     25.032941
       5.755000     25.172706
       5.765000     25.312471
       5.775000     25.443608
       5.785000     25.580078
       5.795000     25.711843
       5.805000     25.847843
       5.815000     25.977569
       5.825000     26.119216
       5.835000     26.256157
       5.845000     26.386667
       5.855000     26.528471
       5.865000     26.665725
       5.875000     26.808471
       5.885000     26.953882
       5.895000     27.095373
       5.905000     27.239529
       5.915000     27.384000
       5.925000     27.523294
       5.935000     27.657412
       5.945000     27.804078
       5.955000     27.951216
       5.965000     28.095529
       5.975000     28.240784
       5.985000     28.395451
       5.995000     28.543059
       6.005000     28.695216
       6.015000     28.842510
       6.025000     28.987137
       6.035000     29.132863
       6.045000     29.285333
       6.055000     29.440314
       6.065000     29.584941
       6.075000     29.740078
       6.085000     29.891451
       6.095000     30.050039
       6.105000     30.202510
       6.115000     30.356549
       6.125000     30.509490
       6.135000     30.661961
       6.145000     30.823686
       6.155000     30.982431
       6.165000     31.147451
       6.175000     31.304784
       6.185000     31.471059
       6.195000     31.630745
       6.205000     31.798118
       6.215000     31.955608
       6.225000     32.114353
       6.235000     32.272784
       6.245000     32.435451
       6.255000     32.600471
       6.265000     32.762196
       6.275000     32.929725
       6.285000     33.090039
       6.295000     33.251451
       6.305000     33.413490
       6.315000     33.581490
       6.325000     33.739137
       6.335000     33.909176
       6.345000     34.080784
       6.355000     34.245020
       6.365000     34.411451
       6.375000     34.585098
       6.385000     34.742745
       6.395000     34.912314
       6.405000     35.080941
       6.415000     35.250510
       6.425000     35.416941
       6.435000     35.593882
       6.445000     35.762980
       6.455000     35.944314
       6.465000     36.114824
       6.475000     36.298824
       6.485000     36.466039
       6.495000     36.640471
       6.505000     36.815843
       6.515000     36.990588
       6.525000     37.169098
       6.535000     37.342902
       6.545000     37.525647
       6.555000     37.703843
       6.565000     37.868863
       6.575000     38.036863
       6.585000     38.212392
       6.595000     38.379137
       6.605000     38.562510
       6.615000     38.736941
       6.625000     38.919686
       6.635000     39.099294
       6.645000     39.286588
       6.655000     39.469020
       6.665000     39.643451
       6.675000     39.819922
       6.685000     39.995137
       6.695000     40.177725
       6.705000     40.369255
       6.715000     40.549490
       6.725000     40.737569
       6.735000     40.919373
       6.745000     41.101961
       6.755000     41.286118
       6.765000     41.472627
       6.775000     41.655686
       6.785000     41.841255
       6.795000     42.029176
       6.805000     42.214118
       6.815000     42.397176
       6.825000     42.582118
       6.835000     42.771608
       6.845000     42.961569
       6.855000     43.151216
       6.865000     43.335686
       6.875000     43.525333
       6.885000     43.714510
       6.895000     43.903686
       6.905000     44.087373
       6.915000     44.279216
       6.925000     44.465569
       6.935000     44.646118
       6.945000     44.825255
       6.955000     45.005333
       6.965000     45.199059
       6.975000     45.394196
       6.985000     45.581176
       6.995000     45.769882
       7.005000     45.966745
       7.015000     46.161412
       7.025000     46.365333
       7.035000     46.571608
       7.045000     46.762353
       7.055000     46.960000
       7.065000     47.155765
       7.075000     47.349490
       7.085000     47.538039
       7.095000     47.736000
       7.105000     47.939765
       7.115000     48.130510
       7.125000     48.330824
       7.135000     48.527843
       7.145000     48.722039
       7.155000     48.919843
       7.165000     49.115765
       7.175000     49.305098
       7.185000     49.498510
       7.195000     49.703529
       7.205000     49.897882
       7.215000     50.094275
       7.225000     50.284863
       7.235000     50.486118
       7.245000     50.684235
       7.255000     50.890980
       7.265000     51.090667
       7.275000     51.297412
       7.285000     51.501176
       7.295000     51.712157
       7.305000     51.906824
       7.315000     52.110275
       7.325000     52.310745
       7.335000     52.512157
       7.345000     52.723137
       7.355000     52.918588
       7.365000     53.127216
       7.375000     53.332235
       7.385000     53.543529
       7.395000     53.744000
       7.405000     53.936000
       7.415000     54.147608
       7.425000     54.350902
       7.435000     54.558431
       7.445000     54.766275
       7.455000     54.980235
       7.465000     55.188078
       7.475000     55.389490
       7.485000     55.594667
       7.495000     55.797176
       7.505000     56.002196
       7.515000     56.215216
       7.525000     56.419608
       7.535000     56.628235
       7.545000     56.834196
       7.555000     57.045647
       7.565000     57.255373
       7.575000     57.467137
       7.585000     57.682039
       7.595000     57.893020
       7.605000     58.104314
       7.615000     58.326902
       7.625000     58.538353
       7.635000     58.760000
       7.645000     58.964235
       7.655000     59.187451
       7.665000     59.395137
       7.675000     59.612235
       7.685000     59.832314
       7.695000     60.047059
       7.705000     60.265569
       7.715000     60.483137
       7.725000     60.701804
       7.735000     60.919373
       7.745000     61.142275
       7.755000     61.355765
       7.765000     61.576157
       7.775000     61.790275
       7.785000     62.005647
       7.795000     62.225725
       7.805000     62.444863
       7.815000     62.679216
       7.825000     62.894431
       7.835000     63.123608
       7.845000     63.348392
       7.855000     63.577255
       7.865000     63.790745
       7.875000     64.006902
       7.885000     64.236078
       7.895000     64.465725
       7.905000     64.694902
       7.915000     64.921412
       7.925000     65.146667
       7.935000     65.370824
       7.945000     65.600157
       7.955000     65.827608
       7.965000     66.059137
       7.975000     66.287529
       7.985000     66.523765
       7.995000     66.755294
       8.005000     66.980549
       8.015000     67.206745
       8.025000     67.431373
       8.035000     67.668863
       8.045000     67.906980
       8.055000     68.145569
       8.065000     68.375686
       8.075000     68.605176
       8.085000     68.834824
       8.095000     69.067137
       8.105000     69.302588
       8.115000     69.539922
       8.125000     69.784000
       8.135000     70.023373
       8.145000     70.266510
       8.155000     70.498667
       8.165000     70.738353
       8.175000     70.970980
       8.185000     71.210353
       8.195000     71.449255
       8.205000     71.699922
       8.215000     71.941176
       8.225000     72.179137
       8.235000     72.416157
       8.245000     72.645333
       8.255000     72.903216
       8.265000     73.152314
       8.275000     73.402039
       8.285000     73.652392
       8.295000     73.895843
       8.305000     74.127059
       8.315000     74.381490
       8.325000     74.625098
       8.335000     74.874196
       8.345000     75.119686
       8.355000     75.360157
       8.365000     75.615686
       8.375000     75.853020
       8.385000     76.097725
       8.395000     76.342588
       8.405000     76.585412
       8.415000     76.834510
       8.425000     77.089098
       8.435000     77.344627
       8.445000     77.606902
       8.455000     77.855059
       8.465000     78.098824
       8.475000     78.359529
       8.485000     78.615843
       8.495000     78.869647
       8.505000     79.124392
       8.515000     79.381804
       8.525000     79.637020
       8.535000     79.893020
       8.545000     80.155451
       8.555000     80.400314
       8.565000     80.651451
       8.575000     80.915922
       8.585000     81.169098
       8.595000     81.426353
       8.605000     81.685333
       8.615000     81.949804
       8.625000     82.210824
       8.635000     82.474824
       8.645000     82.735373
       8.655000     82.994667
       8.665000     83.257255
       8.675000     83.521725
       8.685000     83.782902
       8.695000     84.045804
       8.705000     84.301020
       8.715000     84.561725
       8.725000     84.829176
       8.735000     85.093647
       8.745000     85.356392
       8.755000     85.623059
       8.765000     85.871373
       8.775000     86.146980
       8.785000     86.415843
       8.795000     86.678431
       8.805000     86.951373
       8.815000     87.213020
       8.825000     87.488784
       8.835000     87.760784
       8.845000     88.033725
       8.855000     88.302275
       8.865000     88.580863
       8.875000     88.857882
       8.885000     89.143373
       8.895000     89.418510
       8.905000     89.701647
       8.915000     89.980078
       8.925000     90.264314
       8.935000     90.534118
       8.945000     90.813020
       8.955000     91.094745
       8.965000     91.370039
       8.975000     91.650824
       8.985000     91.929569
       8.995000     92.222588
       9.005000     92.508235
       9.015000     92.791373
       9.025000     93.065098
       9.035000     93.344314
       9.045000     93.631373
       9.055000     93.921725
       9.065000     94.195294
       9.075000     94.493647
       9.085000     94.774275
       9.095000     95.054588
       9.105000     95.338980
       9.115000     95.620078
       9.125000     95.916235
       9.135000     96.209255
       9.145000     96.507137
       9.155000     96.808784
       9.165000     97.101020
       9.175000     97.395137
       9.185000     97.695216
       9.195000     97.996078
       9.205000     98.283608
       9.215000     98.571922
       9.225000     98.860235
       9.235000     99.150431
       9.245000     99.436392
       9.255000     99.737725
       9.265000    100.032157
       9.275000    100.326118
       9.285000    100.617569
       9.295000    100.932549
       9.305000    101.235922
       9.315000    101.538667
       9.325000    101.837020
       9.335000    102.138353
       9.345000    102.442039
       9.355000    102.754824
       9.365000    103.056314
       9.375000    103.366275
       9.385000    103.675137
       9.395000    103.985882
       9.405000    104.295843
       9.415000    104.604078
       9.425000    104.931608
       9.435000    105.240784
       9.445000    105.541176
       9.455000    105.851922
       9.465000    106.167059
       9.475000    106.479216
       9.485000    106.786510
       9.495000    107.090039
       9.505000    107.393569
       9.515000    107.709333
       9.525000    108.021647
       9.535000    108.334431
       9.545000    108.647373
       9.555000    108.973176
       9.565000    109.302902
       9.575000    109.634196
       9.585000    109.968157
       9.595000    110.284392
       9.605000    110.611137
       9.615000    110.934902
       9.625000    111.249255
       9.635000    111.576157
       9.645000    111.901490
       9.655000    112.202667
       9.665000    112.527529
       9.675000    112.844392
       9.685000    113.167373
       9.695000    113.486431
       9.705000    113.832941
       9.715000    114.168000
       9.725000    114.509647
       9.735000    114.845333
       9.745000    115.165490
       9.755000    115.501020
       9.765000    115.834667
       9.775000    116.160000
       9.785000    116.492706
       9.795000    116.821961
       9.805000    117.159216
       9.815000    117.497569
       9.825000    117.832157
       9.835000    118.172706
       9.845000    118.512471
       9.855000    118.849725
       9.865000    119.193725
       9.875000    119.525333
       9.885000    119.881569
       9.895000    120.220549
       9.905000    120.558431
       9.915000    120.907294
       9.925000    121.241098
       9.935000    121.590902
       9.945000    121.951686
       9.955000    122.292078
       9.965000    122.643922
       9.975000    122.997647
       9.985000    123.344784
       9.995000    123.690980
      10.005000    124.039216
      10.015000    124.373490
      10.025000    124.736157
      10.035000    125.081882
      10.045000    125.427922
      10.055000    125.783216
      10.065000    126.135529
      10.075000    126.499922
      10.085000    126.857412
      10.095000    127.209255
      10.105000    127.563608
      10.115000    127.920784
      10.125000    128.269490
      10.135000    128.624471
      10.145000    128.988863
      10.155000    129.349176
      10.165000    129.714980
      10.175000    130.076235
      10.185000    130.443451
      10.195000    130.795137
      10.205000    131.166745
      10.215000    131.532235
      10.225000    131.902275
      10.235000    132.270745
      10.245000    132.635137
      10.255000    133.008000
      10.265000    133.368941
      10.275000    133.744000
      10.285000    134.112314
      10.295000    134.501961
      10.305000    134.872157
      10.315000    135.247529
      10.325000    135.629333
      10.335000    135.990745
      10.345000    136.369569
      10.355000    136.742275
      10.365000    137.130039
      10.375000    137.506510
      10.385000    137.870902
      10.395000    138.273412
      10.405000    138.658667
      10.415000    139.048157
      10.425000    139.437333
      10.435000    139.821490
      10.445000    140.191686
      10.455000    140.571765
      10.465000    140.960627
      10.475000    141.350902
      10.485000    141.737412
      10.495000    142.116392
      10.505000    142.502118
      10.515000    142.885804
      10.525000    143.283765
      10.535000    143.680784
      10.545000    144.081725
      10.555000    144.477647
      10.565000    144.868706
      10.575000    145.277647
      10.585000    145.662902
      10.595000    146.058824
      10.605000    146.467137
      10.615000    146.871059
      10.625000    147.275765
      10.635000    147.663529
      10.645000    148.056471
      10.655000    148.469647
      10.665000    148.876392
      10.675000    149.273098
      10.685000    149.686275
      10.695000    150.077647
      10.705000    150.499922
      10.715000    150.920471
      10.725000    151.332078
      10.735000    151.735059
      10.745000    152.140235
      10.755000    152.557176
      10.765000    152.966431
      10.775000    153.388235
      10.785000    153.817255
      10.795000    154.226196
      10.805000    154.638745
      10.815000    155.054275
      10.825000    155.470118
      10.835000    155.896000
      10.845000    156.323765
      10.855000    156.754667
      10.865000    157.169412
      10.875000    157.594667
      10.885000    158.002196
      10.895000    158.432784
      10.905000    158.858824
      10.915000    159.283608
      10.925000    159.698980
      10.935000    160.130196
      10.945000    160.555294
      10.955000    160.988863
      10.965000    161.432784
      10.975000    161.862588
      10.985000    162.298196
      10.995000    162.735843
      11.005000    163.160784
      11.015000    163.605490
      11.025000    164.033412
      11.035000    164.483137
      11.045000    164.917333
      11.055000    165.354039
      11.065000    165.798588
      11.075000    166.235451
      11.085000    166.683294
      11.095000    167.117804
      11.105000    167.560941
      11.115000    168.008941
      11.125000    168.462431
      11.135000    168.899137
      11.145000    169.354510
      11.155000    169.819608
      11.165000    170.269490
      11.175000    170.719843
      11.185000    171.155765
      11.195000    171.629490
      11.205000    172.077490
      11.215000    172.529882
      11.225000    172.998431
      11.235000    173.470745
      11.245000    173.937882
      11.255000    174.399373
      11.265000    174.865098
      11.275000    175.326745
      11.285000    175.800471
      11.295000    176.272784
      11.305000    176.737725
      11.315000    177.194196
      11.325000    177.666824
      11.335000    178.139294
      11.345000    178.614902
      11.355000    179.082824
      11.365000    179.550745
      11.375000    180.029804
      11.385000    180.510745
      11.395000    180.992314
      11.405000    181.474353
      11.415000    181.961569
      11.425000    182.442039
      11.435000    182.912627
      11.445000    183.404549
      11.455000    183.889255
      11.465000    184.375529
      11.475000    184.851608
      11.485000    185.341020
      11.495000    185.832314
      11.505000    186.325020
      11.515000    186.827451
      11.525000    187.300078
      11.535000    187.800784
      11.545000    188.296471
      11.555000    188.799373
      11.565000    189.293961
      11.575000    189.799216
      11.585000    190.305569
      11.595000    190.816314
      11.605000    191.323922
      11.615000    191.839686
      11.625000    192.369725
      11.635000    192.884392
      11.645000    193.387608
      11.655000    193.897255
      11.665000    194.429647
      11.675000    194.941961
      11.685000    195.470118
      11.695000    195.972392
      11.705000    196.469176
      11.715000    196.989961
      11.725000    197.512471
      11.735000    198.032000
      11.745000    198.547451
      11.755000    199.059451
      11.765000    199.589961
      11.775000    200.117647
      11.785000    200.638588
      11.795000    201.178667
      11.805000    201.716549
      11.815000    202.256314
      11.825000    202.794353
      11.835000    203.309490
      11.845000    203.845961
      11.855000    204.387294
      11.865000    204.916863
      11.875000    205.440314
      11.885000    205.982902
      11.895000    206.515451
      11.905000    207.053333
      11.915000    207.590431
      11.925000    208.144471
      11.935000    208.690353
      11.945000    209.228392
      11.955000    209.782275
      11.965000    210.331765
      11.975000    210.870745
      11.985000    211.425412
      11.995000    211.977098
      12.005000    212.541961
      12.015000    213.088941
      12.025000    213.640627
      12.035000    214.181804
      12.045000    214.734902
      12.055000    215.301176
      12.065000    215.853804
      12.075000    216.421176
      12.085000    216.984471
      12.095000    217.555608
      12.105000    218.109333
      12.115000    218.675294
      12.125000    219.249412
      12.135000    219.814275
      12.145000    220.396549
      12.155000    220.973333
      12.165000    221.544000
      12.175000    222.132549
      12.185000    222.692235
      12.195000    223.287373
      12.205000    223.856784
      12.215000    224.435137
      12.225000    225.030902
      12.235000    225.606431
      12.245000    226.205176
      12.255000    226.785098
      12.265000    227.357647
      12.275000    227.943059
      12.285000    228.532392
      12.295000    229.127843
      12.305000    229.720000
      12.315000    230.301490
      12.325000    230.910431
      12.335000    231.505255
      12.345000    232.096000
      12.355000    232.690039
      12.365000    233.274196
      12.375000    233.872941
      12.385000    234.482824
      12.395000    235.083294
      12.405000    235.692078
      12.415000    236.317961
      12.425000    236.935843
      12.435000    237.554510
      12.445000    238.158745
      12.455000    238.768941
      12.465000    239.395765
      12.475000    240.003294
      12.485000    240.614275
      12.495000    241.233412
      12.505000    241.874667
      12.515000    242.499451
      12.525000    243.127373
      12.535000    243.760000
      12.545000    244.388078
      12.555000    245.017412
      12.565000    245.650980
      12.575000    246.266353
      12.585000    246.894588
      12.595000    247.518275
      12.605000    248.162196
      12.615000    248.803137
      12.625000    249.456941
      12.635000    250.077333
      12.645000    250.706824
      12.655000    251.354667
      12.665000    251.993725
      12.675000    252.639373
      12.685000    253.293176
      12.695000    253.930510
      12.705000    254.576000
      12.715000    255.226667
      12.725000    255.877333
      12.735000    256.535843
      12.745000    257.175216
      12.755000    257.839216
      12.765000    258.507451
      12.775000    259.182902
      12.785000    259.857255
      12.795000    260.536784
      12.805000    261.194353
      12.815000    261.854118
      12.825000    262.520784
      12.835000    263.194667
      12.845000    263.848471
      12.855000    264.516392
      12.865000    265.190902
      12.875000    265.873725
      12.885000    266.573333
      12.895000    267.238118
      12.905000    267.930039
      12.915000    268.598588
      12.925000    269.285804
      12.935000    269.975529
      12.945000    270.657569
      12.955000    271.360471
      12.965000    272.056314
      12.975000    272.744784
      12.985000    273.441098
      12.995000    274.131137
      13.005000    274.822431
      13.015000    275.507451
      13.025000    276.193882
      13.035000    276.880000
      13.045000    277.585569
      13.055000    278.261176
      13.065000    278.960784
      13.075000    279.672471
      13.085000    280.380863
      13.095000    281.093647
      13.105000    281.795765
      13.115000    282.496157
      13.125000    283.199843
      13.135000    283.910588
      13.145000    284.626353
      13.155000    285.332863
      13.165000    286.046902
      13.175000    286.768784
      13.185000    287.485490
      13.195000    288.221020
      13.205000    288.922353
      13.215000    289.642980
      13.225000    290.361882
      13.235000    291.070745
      13.245000    291.802353
      13.255000    292.522353
      13.265000    293.240157
      13.275000    293.967843
      13.285000    294.698824
      13.295000    295.446118
      13.305000    296.172235
      13.315000    296.912471
      13.325000    297.659294
      13.335000    298.395765
      13.345000    299.124078
      13.355000    299.867922
      13.365000    300.616000
      13.375000    301.362824
      13.385000    302.129255
      13.395000    302.874510
      13.405000    303.621333
      13.415000    304.357490
      13.425000    305.117961
      13.435000    305.873098
      13.445000    306.640314
      13.455000    307.416314
      13.465000    308.166588
      13.475000    308.917176
      13.485000    309.678902
      13.495000    310.439529
      13.505000    311.202824
      13.515000    311.962353
      13.525000    312.728941
      13.535000    313.506039
      13.545000    314.281725
      13.555000    315.055216
      13.565000    315.818039
      13.575000    316.600157
      13.585000    317.370039
      13.595000    318.153412
      13.605000    318.951059
      13.615000    319.709490
      13.625000    320.513098
      13.635000    321.298039
      13.645000    322.076392
      13.655000    322.846745
      13.665000    323.645020
      13.675000    324.433725
      13.685000    325.228863
      13.695000    326.026980
      13.705000    326.829176
      13.715000    327.619294
      13.725000    328.407059
      13.735000    329.188706
      13.745000    329.980078
      13.755000    330.768314
      13.765000    331.561412
      13.775000    332.375216
      13.785000    333.167373
      13.795000    333.964078
      13.805000    334.775216
      13.815000    335.566588
      13.825000    336.366588
      13.835000    337.160941
      13.845000    337.960941
      13.855000    338.781333
      13.865000    339.597961
      13.875000    340.409882
      13.885000    341.233255
      13.895000    342.032000
      13.905000    342.873255
      13.915000    343.682039
      13.925000    344.496471
      13.935000    345.329412
      13.945000    346.156392
      13.955000    346.993882
      13.965000    347.836078
      13.975000    348.660078
      13.985000    349.488941
      13.995000    350.329412
      14.005000    351.163608
      14.015000    351.977412
      14.025000    352.812549
      14.035000    353.658980
      14.045000    354.488000
      14.055000    355.322824
      14.065000    356.164706
      14.075000    357.008627
      14.085000    357.831686
      14.095000    358.701020
      14.105000    359.538353
      14.115000    360.380235
      14.125000    361.245961
      14.135000    362.099294
      14.145000    362.936157
      14.155000    363.786510
      14.165000    364.650510
      14.175000    365.504627
      14.185000    366.355765
      14.195000    367.205020
      14.205000    368.050196
      14.215000    368.918431
      14.225000    369.781647
      14.235000    370.649098
      14.245000    371.520471
      14.255000    372.405176
      14.265000    373.281098
      14.275000    374.151529
      14.285000    375.021647
      14.295000    375.883451
      14.305000    376.763765
      14.315000    377.642196
      14.325000    378.511529
      14.335000    379.386510
      14.345000    380.244392
      14.355000    381.137098
      14.365000    382.031216
      14.375000    382.912157
      14.385000    383.784941
      14.395000    384.646745
      14.405000    385.533961
      14.415000    386.435608
      14.425000    387.318745
      14.435000    388.203137
      14.445000    389.099294
      14.455000    389.991686
      14.465000    390.907294
      14.475000    391.799059
      14.485000    392.699608
      14.495000    393.599059
      14.505000    394.489882
      14.515000    395.373647
      14.525000    396.299765
      14.535000    397.210824
      14.545000    398.117647
      14.555000    399.028706
      14.565000    399.938667
      14.575000    400.840157
      14.585000    401.762039
      14.595000    402.675608
      14.605000    403.597020
      14.615000    404.514039
      14.625000    405.462118
      14.635000    406.380235
      14.645000    407.316863
      14.655000    408.251294
      14.665000    409.182588
      14.675000    410.111059
      14.685000    411.038902
      14.695000    411.965804
      14.705000    412.910431
      14.715000    413.848000
      14.725000    414.803608
      14.735000    415.737569
      14.745000    416.691608
      14.755000    417.615843
      14.765000    418.594980
      14.775000    419.534902
      14.785000    420.509961
      14.795000    421.472941
      14.805000    422.417882
      14.815000    423.382431
      14.825000    424.335059
      14.835000    425.285333
      14.845000    426.240314
      14.855000    427.202039
      14.865000    428.175373
      14.875000    429.145725
      14.885000    430.106980
      14.895000    431.085490
      14.905000    432.050824
      14.915000    433.019294
      14.925000    433.974588
      14.935000    434.961412
      14.945000    435.920157
      14.955000    436.888627
      14.965000    437.874980
      14.975000    438.844235
      14.985000    439.850353
      14.995000    440.852392
