#Distance_(Ang) Int[:339@O1D]
       0.005000      0.000000
       0.015000      0.000000
       0.025000      0.000000
       0.035000      0.000000
       0.045000      0.000000
       0.055000      0.000000
       0.065000      0.000000
       0.075000      0.000000
       0.085000      0.000000
       0.095000      0.000000
       0.105000      0.000000
       0.115000      0.000000
       0.125000      0.000000
       0.135000      0.000000
       0.145000      0.000000
       0.155000      0.000000
       0.165000      0.000000
       0.175000      0.000000
       0.185000      0.000000
       0.195000      0.000000
       0.205000      0.000000
       0.215000      0.000000
       0.225000      0.000000
       0.235000      0.000000
       0.245000      0.000000
       0.255000      0.000000
       0.265000      0.000000
       0.275000      0.000000
       0.285000      0.000000
       0.295000      0.000000
       0.305000      0.000000
       0.315000      0.000000
       0.325000      0.000000
       0.335000      0.000000
       0.345000      0.000000
       0.355000      0.000000
       0.365000      0.000000
       0.375000      0.000000
       0.385000      0.000000
       0.395000      0.000000
       0.405000      0.000000
       0.415000      0.000000
       0.425000      0.000000
       0.435000      0.000000
       0.445000      0.000000
       0.455000      0.000000
       0.465000      0.000000
       0.475000      0.000000
       0.485000      0.000000
       0.495000      0.000000
       0.505000      0.000000
       0.515000      0.000000
       0.525000      0.000000
       0.535000      0.000000
       0.545000      0.000000
       0.555000      0.000000
       0.565000      0.000000
       0.575000      0.000000
       0.585000      0.000000
       0.595000      0.000000
       0.605000      0.000000
       0.615000      0.000000
       0.625000      0.000000
       0.635000      0.000000
       0.645000      0.000000
       0.655000      0.000000
       0.665000      0.000000
       0.675000      0.000000
       0.685000      0.000000
       0.695000      0.000000
       0.705000      0.000000
       0.715000      0.000000
       0.725000      0.000000
       0.735000      0.000000
       0.745000      0.000000
       0.755000      0.000000
       0.765000      0.000000
       0.775000      0.000000
       0.785000      0.000000
       0.795000      0.000000
       0.805000      0.000000
       0.815000      0.000000
       0.825000      0.000000
       0.835000      0.000000
       0.845000      0.000000
       0.855000      0.000000
       0.865000      0.000000
       0.875000      0.000000
       0.885000      0.000000
       0.895000      0.000000
       0.905000      0.000000
       0.915000      0.000000
       0.925000      0.000000
       0.935000      0.000000
       0.945000      0.000000
       0.955000      0.000000
       0.965000      0.000000
       0.975000      0.000000
       0.985000      0.000000
       0.995000      0.000000
       1.005000      0.000000
       1.015000      0.000000
       1.025000      0.000000
       1.035000      0.000000
       1.045000      0.000000
       1.055000      0.000000
       1.065000      0.000000
       1.075000      0.000000
       1.085000      0.000000
       1.095000      0.000000
       1.105000      0.000000
       1.115000      0.000000
       1.125000      0.000000
       1.135000      0.000000
       1.145000      0.000000
       1.155000      0.000000
       1.165000      0.000000
       1.175000      0.000000
       1.185000      0.000000
       1.195000      0.000000
       1.205000      0.000000
       1.215000      0.000000
       1.225000      0.000000
       1.235000      0.000000
       1.245000      0.000000
       1.255000      0.000000
       1.265000      0.000000
       1.275000      0.000000
       1.285000      0.000000
       1.295000      0.000000
       1.305000      0.000000
       1.315000      0.000000
       1.325000      0.000000
       1.335000      0.000000
       1.345000      0.000000
       1.355000      0.000000
       1.365000      0.000000
       1.375000      0.000000
       1.385000      0.000000
       1.395000      0.000000
       1.405000      0.000000
       1.415000      0.000000
       1.425000      0.000000
       1.435000      0.000000
       1.445000      0.000000
       1.455000      0.000000
       1.465000      0.000000
       1.475000      0.000157
       1.485000      0.000157
       1.495000      0.000157
       1.505000      0.000314
       1.515000      0.000471
       1.525000      0.000941
       1.535000      0.001725
       1.545000      0.003451
       1.555000      0.005647
       1.565000      0.008784
       1.575000      0.013647
       1.585000      0.018039
       1.595000      0.023216
       1.605000      0.029961
       1.615000      0.040627
       1.625000      0.052392
       1.635000      0.066667
       1.645000      0.081725
       1.655000      0.102902
       1.665000      0.127686
       1.675000      0.152314
       1.685000      0.181333
       1.695000      0.213333
       1.705000      0.244392
       1.715000      0.278902
       1.725000      0.314980
       1.735000      0.355451
       1.745000      0.397490
       1.755000      0.438118
       1.765000      0.485176
       1.775000      0.528941
       1.785000      0.573647
       1.795000      0.617882
       1.805000      0.665569
       1.815000      0.707608
       1.825000      0.752000
       1.835000      0.798588
       1.845000      0.845176
       1.855000      0.888471
       1.865000      0.934745
       1.875000      0.981020
       1.885000      1.025569
       1.895000      1.069176
       1.905000      1.110118
       1.915000      1.144627
       1.925000      1.186039
       1.935000      1.229333
       1.945000      1.265882
       1.955000      1.298039
       1.965000      1.331137
       1.975000      1.367529
       1.985000      1.394824
       1.995000      1.426353
       2.005000      1.455216
       2.015000      1.485176
       2.025000      1.513569
       2.035000      1.537255
       2.045000      1.563294
       2.055000      1.589020
       2.065000      1.608627
       2.075000      1.630745
       2.085000      1.650824
       2.095000      1.670902
       2.105000      1.692392
       2.115000      1.715137
       2.125000      1.733176
       2.135000      1.748549
       2.145000      1.768000
       2.155000      1.782745
       2.165000      1.798275
       2.175000      1.811922
       2.185000      1.826510
       2.195000      1.840627
       2.205000      1.856784
       2.215000      1.871216
       2.225000      1.884392
       2.235000      1.897098
       2.245000      1.907922
       2.255000      1.922039
       2.265000      1.936471
       2.275000      1.948078
       2.285000      1.960471
       2.295000      1.973176
       2.305000      1.986980
       2.315000      1.997804
       2.325000      2.012392
       2.335000      2.025569
       2.345000      2.038902
       2.355000      2.050353
       2.365000      2.062431
       2.375000      2.073882
       2.385000      2.085490
       2.395000      2.098196
       2.405000      2.111686
       2.415000      2.120314
       2.425000      2.131294
       2.435000      2.142588
       2.445000      2.152471
       2.455000      2.163294
       2.465000      2.175216
       2.475000      2.186196
       2.485000      2.197961
       2.495000      2.211451
       2.505000      2.222275
       2.515000      2.233412
       2.525000      2.245490
       2.535000      2.258196
       2.545000      2.269647
       2.555000      2.281882
       2.565000      2.295059
       2.575000      2.308549
       2.585000      2.321725
       2.595000      2.334431
       2.605000      2.347922
       2.615000      2.360471
       2.625000      2.375529
       2.635000      2.391843
       2.645000      2.406902
       2.655000      2.424941
       2.665000      2.441569
       2.675000      2.458824
       2.685000      2.474196
       2.695000      2.492392
       2.705000      2.510745
       2.715000      2.530196
       2.725000      2.553098
       2.735000      2.572863
       2.745000      2.597176
       2.755000      2.619608
       2.765000      2.642510
       2.775000      2.667922
       2.785000      2.690353
       2.795000      2.713725
       2.805000      2.741333
       2.815000      2.772235
       2.825000      2.803451
       2.835000      2.837647
       2.845000      2.870275
       2.855000      2.905882
       2.865000      2.943373
       2.875000      2.983686
       2.885000      3.025255
       2.895000      3.066039
       2.905000      3.106667
       2.915000      3.148235
       2.925000      3.191843
       2.935000      3.242039
       2.945000      3.291922
       2.955000      3.342745
       2.965000      3.393412
       2.975000      3.442353
       2.985000      3.497725
       2.995000      3.556549
       3.005000      3.615686
       3.015000      3.669176
       3.025000      3.728157
       3.035000      3.786980
       3.045000      3.844549
       3.055000      3.910588
       3.065000      3.973961
       3.075000      4.028863
       3.085000      4.097725
       3.095000      4.160784
       3.105000      4.223529
       3.115000      4.294118
       3.125000      4.363451
       3.135000      4.425412
       3.145000      4.495529
       3.155000      4.559059
       3.165000      4.622275
       3.175000      4.688000
       3.185000      4.754980
       3.195000      4.820235
       3.205000      4.884392
       3.215000      4.944941
       3.225000      5.009098
       3.235000      5.072784
       3.245000      5.132549
       3.255000      5.192784
       3.265000      5.256941
       3.275000      5.318275
       3.285000      5.378353
       3.295000      5.438588
       3.305000      5.501333
       3.315000      5.563294
       3.325000      5.620863
       3.335000      5.676392
       3.345000      5.734118
       3.355000      5.791686
       3.365000      5.848157
       3.375000      5.909176
       3.385000      5.962196
       3.395000      6.022118
       3.405000      6.082667
       3.415000      6.140706
       3.425000      6.193725
       3.435000      6.250980
       3.445000      6.307137
       3.455000      6.360941
       3.465000      6.417882
       3.475000      6.471843
       3.485000      6.529882
       3.495000      6.582745
       3.505000      6.632784
       3.515000      6.689569
       3.525000      6.740706
       3.535000      6.799529
       3.545000      6.860078
       3.555000      6.912157
       3.565000      6.967216
       3.575000      7.022588
       3.585000      7.081569
       3.595000      7.133647
       3.605000      7.190745
       3.615000      7.252549
       3.625000      7.308863
       3.635000      7.366118
       3.645000      7.424941
       3.655000      7.476863
       3.665000      7.530196
       3.675000      7.583843
       3.685000      7.644706
       3.695000      7.706196
       3.705000      7.762196
       3.715000      7.827137
       3.725000      7.888941
       3.735000      7.941490
       3.745000      8.001412
       3.755000      8.056941
       3.765000      8.118431
       3.775000      8.184471
       3.785000      8.255059
       3.795000      8.320941
       3.805000      8.386824
       3.815000      8.454275
       3.825000      8.521412
       3.835000      8.587608
       3.845000      8.659137
       3.855000      8.727843
       3.865000      8.791216
       3.875000      8.856000
       3.885000      8.931608
       3.895000      9.004392
       3.905000      9.064314
       3.915000      9.136471
       3.925000      9.208784
       3.935000      9.283451
       3.945000      9.355294
       3.955000      9.432157
       3.965000      9.505569
       3.975000      9.583216
       3.985000      9.655843
       3.995000      9.732078
       4.005000      9.809882
       4.015000      9.890667
       4.025000      9.969569
       4.035000     10.045961
       4.045000     10.128314
       4.055000     10.207686
       4.065000     10.286745
       4.075000     10.370980
       4.085000     10.446275
       4.095000     10.525490
       4.105000     10.609098
       4.115000     10.687373
       4.125000     10.766275
       4.135000     10.847843
       4.145000     10.935373
       4.155000     11.013020
       4.165000     11.099137
       4.175000     11.180549
       4.185000     11.270118
       4.195000     11.353098
       4.205000     11.440941
       4.215000     11.521255
       4.225000     11.609882
       4.235000     11.698196
       4.245000     11.781647
       4.255000     11.869333
       4.265000     11.951216
       4.275000     12.035137
       4.285000     12.133490
       4.295000     12.220392
       4.305000     12.312157
       4.315000     12.404549
       4.325000     12.494118
       4.335000     12.582902
       4.345000     12.673412
       4.355000     12.763608
       4.365000     12.850980
       4.375000     12.941333
       4.385000     13.022902
       4.395000     13.116549
       4.405000     13.209255
       4.415000     13.303686
       4.425000     13.399686
       4.435000     13.495373
       4.445000     13.588392
       4.455000     13.683765
       4.465000     13.778667
       4.475000     13.873569
       4.485000     13.978510
       4.495000     14.074039
       4.505000     14.172392
       4.515000     14.276549
       4.525000     14.368941
       4.535000     14.464627
       4.545000     14.565490
       4.555000     14.661490
       4.565000     14.756392
       4.575000     14.850353
       4.585000     14.952784
       4.595000     15.043922
       4.605000     15.142745
       4.615000     15.238902
       4.625000     15.337569
       4.635000     15.440627
       4.645000     15.544314
       4.655000     15.644078
       4.665000     15.748863
       4.675000     15.852549
       4.685000     15.961882
       4.695000     16.065569
       4.705000     16.165804
       4.715000     16.278275
       4.725000     16.383059
       4.735000     16.483608
       4.745000     16.585882
       4.755000     16.690353
       4.765000     16.794667
       4.775000     16.909961
       4.785000     17.020863
       4.795000     17.126275
       4.805000     17.239059
       4.815000     17.343843
       4.825000     17.450353
       4.835000     17.555765
       4.845000     17.665725
       4.855000     17.773490
       4.865000     17.879059
       4.875000     17.999529
       4.885000     18.105098
       4.895000     18.217882
       4.905000     18.330667
       4.915000     18.447843
       4.925000     18.564235
       4.935000     18.682353
       4.945000     18.801255
       4.955000     18.922824
       4.965000     19.035922
       4.975000     19.157333
       4.985000     19.279373
       4.995000     19.391216
       5.005000     19.517490
       5.015000     19.642353
       5.025000     19.759216
       5.035000     19.882510
       5.045000     20.007529
       5.055000     20.128157
       5.065000     20.250824
       5.075000     20.387922
       5.085000     20.515608
       5.095000     20.637490
       5.105000     20.762353
       5.115000     20.886275
       5.125000     21.007216
       5.135000     21.137412
       5.145000     21.266353
       5.155000     21.392157
       5.165000     21.522667
       5.175000     21.659137
       5.185000     21.801098
       5.195000     21.926902
       5.205000     22.059451
       5.215000     22.189333
       5.225000     22.324078
       5.235000     22.463216
       5.245000     22.598902
       5.255000     22.728941
       5.265000     22.870588
       5.275000     23.001412
       5.285000     23.135843
       5.295000     23.270902
       5.305000     23.410980
       5.315000     23.550118
       5.325000     23.692235
       5.335000     23.827608
       5.345000     23.960471
       5.355000     24.104157
       5.365000     24.243922
       5.375000     24.388235
       5.385000     24.531765
       5.395000     24.673569
       5.405000     24.816627
       5.415000     24.961725
       5.425000     25.102745
       5.435000     25.243922
       5.445000     25.388392
       5.455000     25.527373
       5.465000     25.678431
       5.475000     25.819922
       5.485000     25.972549
       5.495000     26.123608
       5.505000     26.279686
       5.515000     26.428235
       5.525000     26.578510
       5.535000     26.725333
       5.545000     26.871686
       5.555000     27.022118
       5.565000     27.165804
       5.575000     27.299765
       5.585000     27.453961
       5.595000     27.608314
       5.605000     27.752314
       5.615000     27.905098
       5.625000     28.056314
       5.635000     28.200941
       5.645000     28.343373
       5.655000     28.489412
       5.665000     28.637490
       5.675000     28.790902
       5.685000     28.947765
       5.695000     29.097412
       5.705000     29.249098
       5.715000     29.388392
       5.725000     29.544941
       5.735000     29.704157
       5.745000     29.856471
       5.755000     30.016941
       5.765000     30.173490
       5.775000     30.318902
       5.785000     30.467137
       5.795000     30.619451
       5.805000     30.780078
       5.815000     30.932078
       5.825000     31.095059
       5.835000     31.245176
       5.845000     31.401569
       5.855000     31.553255
       5.865000     31.711373
       5.875000     31.867137
       5.885000     32.026039
       5.895000     32.194667
       5.905000     32.353098
       5.915000     32.519059
       5.925000     32.680784
       5.935000     32.841569
       5.945000     33.011294
       5.955000     33.181647
       5.965000     33.349333
       5.975000     33.513882
       5.985000     33.677333
       5.995000     33.841569
       6.005000     34.006588
       6.015000     34.173333
       6.025000     34.340706
       6.035000     34.505412
       6.045000     34.669176
       6.055000     34.842824
       6.065000     35.014902
       6.075000     35.180706
       6.085000     35.347137
       6.095000     35.509804
       6.105000     35.685647
       6.115000     35.852235
       6.125000     36.021647
       6.135000     36.196078
       6.145000     36.366902
       6.155000     36.544000
       6.165000     36.713725
       6.175000     36.887373
       6.185000     37.059922
       6.195000     37.235451
       6.205000     37.410039
       6.215000     37.576000
       6.225000     37.750431
       6.235000     37.919373
       6.245000     38.089882
       6.255000     38.273569
       6.265000     38.458510
       6.275000     38.642980
       6.285000     38.831216
       6.295000     39.014745
       6.305000     39.203608
       6.315000     39.380863
       6.325000     39.565647
       6.335000     39.744941
       6.345000     39.934588
       6.355000     40.119843
       6.365000     40.303059
       6.375000     40.492078
       6.385000     40.674353
       6.395000     40.863216
       6.405000     41.049412
       6.415000     41.234980
       6.425000     41.426196
       6.435000     41.620549
       6.445000     41.817255
       6.455000     42.009098
       6.465000     42.201882
       6.475000     42.392941
       6.485000     42.586980
       6.495000     42.781176
       6.505000     42.983843
       6.515000     43.181961
       6.525000     43.376000
       6.535000     43.573490
       6.545000     43.768471
       6.555000     43.962039
       6.565000     44.172706
       6.575000     44.371294
       6.585000     44.577255
       6.595000     44.788235
       6.605000     44.983843
       6.615000     45.194980
       6.625000     45.402980
       6.635000     45.601412
       6.645000     45.808000
       6.655000     46.005020
       6.665000     46.217412
       6.675000     46.415059
       6.685000     46.621020
       6.695000     46.827922
       6.705000     47.027608
       6.715000     47.230902
       6.725000     47.436078
       6.735000     47.641412
       6.745000     47.854118
       6.755000     48.073569
       6.765000     48.289255
       6.775000     48.517020
       6.785000     48.727686
       6.795000     48.952157
       6.805000     49.169412
       6.815000     49.387765
       6.825000     49.613961
       6.835000     49.832157
       6.845000     50.051922
       6.855000     50.267137
       6.865000     50.496000
       6.875000     50.722039
       6.885000     50.949804
       6.895000     51.169882
       6.905000     51.383529
       6.915000     51.617255
       6.925000     51.842667
       6.935000     52.064941
       6.945000     52.295529
       6.955000     52.523608
       6.965000     52.747451
       6.975000     52.974275
       6.985000     53.208941
       6.995000     53.448471
       7.005000     53.688627
       7.015000     53.923608
       7.025000     54.155922
       7.035000     54.382588
       7.045000     54.618980
       7.055000     54.850039
       7.065000     55.072314
       7.075000     55.309961
       7.085000     55.538824
       7.095000     55.772078
       7.105000     56.006275
       7.115000     56.237490
       7.125000     56.479686
       7.135000     56.711843
       7.145000     56.959529
       7.155000     57.205176
       7.165000     57.442196
       7.175000     57.683765
       7.185000     57.928941
       7.195000     58.175686
       7.205000     58.428706
       7.215000     58.677490
       7.225000     58.931608
       7.235000     59.185725
       7.245000     59.436706
       7.255000     59.686902
       7.265000     59.938039
       7.275000     60.198275
       7.285000     60.452549
       7.295000     60.700549
       7.305000     60.950275
       7.315000     61.203765
       7.325000     61.454118
       7.335000     61.701647
       7.345000     61.963765
       7.355000     62.216000
       7.365000     62.463843
       7.375000     62.717020
       7.385000     62.967843
       7.395000     63.222118
       7.405000     63.488471
       7.415000     63.747137
       7.425000     64.005647
       7.435000     64.268549
       7.445000     64.529882
       7.455000     64.791216
       7.465000     65.043451
       7.475000     65.315765
       7.485000     65.577882
       7.495000     65.848627
       7.505000     66.114510
       7.515000     66.378667
       7.525000     66.647216
       7.535000     66.921098
       7.545000     67.193569
       7.555000     67.458980
       7.565000     67.722196
       7.575000     68.000314
       7.585000     68.283608
       7.595000     68.559843
       7.605000     68.836549
       7.615000     69.099922
       7.625000     69.368941
       7.635000     69.644863
       7.645000     69.926431
       7.655000     70.202980
       7.665000     70.486275
       7.675000     70.761569
       7.685000     71.041255
       7.695000     71.316863
       7.705000     71.588549
       7.715000     71.876392
       7.725000     72.166118
       7.735000     72.445020
       7.745000     72.742745
       7.755000     73.031529
       7.765000     73.316549
       7.775000     73.604235
       7.785000     73.889255
       7.795000     74.171922
       7.805000     74.451608
       7.815000     74.745412
       7.825000     75.029176
       7.835000     75.320784
       7.845000     75.613333
       7.855000     75.905725
       7.865000     76.195451
       7.875000     76.490039
       7.885000     76.780706
       7.895000     77.077490
       7.905000     77.379922
       7.915000     77.685804
       7.925000     77.976000
       7.935000     78.264784
       7.945000     78.564549
       7.955000     78.861333
       7.965000     79.149647
       7.975000     79.449255
       7.985000     79.751843
       7.995000     80.053647
       8.005000     80.358118
       8.015000     80.644863
       8.025000     80.937569
       8.035000     81.241569
       8.045000     81.540706
       8.055000     81.837804
       8.065000     82.140078
       8.075000     82.438275
       8.085000     82.735216
       8.095000     83.043608
       8.105000     83.354196
       8.115000     83.673569
       8.125000     83.982588
       8.135000     84.300549
       8.145000     84.603137
       8.155000     84.905255
       8.165000     85.214588
       8.175000     85.535373
       8.185000     85.843137
       8.195000     86.153098
       8.205000     86.474510
       8.215000     86.782745
       8.225000     87.095529
       8.235000     87.409412
       8.245000     87.734431
       8.255000     88.062745
       8.265000     88.382745
       8.275000     88.692706
       8.285000     89.026196
       8.295000     89.349333
       8.305000     89.664157
       8.315000     89.973804
       8.325000     90.296157
       8.335000     90.622275
       8.345000     90.935373
       8.355000     91.256157
       8.365000     91.591529
       8.375000     91.922039
       8.385000     92.250667
       8.395000     92.564706
       8.405000     92.914039
       8.415000     93.239529
       8.425000     93.567373
       8.435000     93.895216
       8.445000     94.210667
       8.455000     94.546196
       8.465000     94.882824
       8.475000     95.212863
       8.485000     95.535373
       8.495000     95.873412
       8.505000     96.203608
       8.515000     96.534902
       8.525000     96.865725
       8.535000     97.205020
       8.545000     97.539922
       8.555000     97.875765
       8.565000     98.216314
       8.575000     98.552157
       8.585000     98.882510
       8.595000     99.231843
       8.605000     99.569569
       8.615000     99.895686
       8.625000    100.234039
       8.635000    100.574902
       8.645000    100.914353
       8.655000    101.246588
       8.665000    101.586667
       8.675000    101.940706
       8.685000    102.286745
       8.695000    102.629333
       8.705000    102.968784
       8.715000    103.320000
       8.725000    103.660549
       8.735000    104.010824
       8.745000    104.351686
       8.755000    104.713098
       8.765000    105.068392
       8.775000    105.416784
       8.785000    105.768157
       8.795000    106.118745
       8.805000    106.472000
       8.815000    106.826039
       8.825000    107.165333
       8.835000    107.514510
       8.845000    107.864627
       8.855000    108.218824
       8.865000    108.586039
       8.875000    108.937882
       8.885000    109.294902
       8.895000    109.653804
       8.905000    110.009412
       8.915000    110.369569
       8.925000    110.727686
       8.935000    111.079373
       8.945000    111.447373
       8.955000    111.816000
       8.965000    112.173020
       8.975000    112.534275
       8.985000    112.894118
       8.995000    113.279529
       9.005000    113.645961
       9.015000    114.029961
       9.025000    114.402196
       9.035000    114.775373
       9.045000    115.150902
       9.055000    115.526745
       9.065000    115.900235
       9.075000    116.254118
       9.085000    116.634510
       9.095000    117.018667
       9.105000    117.395922
       9.115000    117.771765
       9.125000    118.135216
       9.135000    118.512784
       9.145000    118.900706
       9.155000    119.273098
       9.165000    119.650980
       9.175000    120.024784
       9.185000    120.402510
       9.195000    120.782431
       9.205000    121.174902
       9.215000    121.541490
       9.225000    121.945098
       9.235000    122.334275
       9.245000    122.714510
       9.255000    123.095686
       9.265000    123.485333
       9.275000    123.880784
       9.285000    124.274353
       9.295000    124.666510
       9.305000    125.058510
       9.315000    125.453804
       9.325000    125.858510
       9.335000    126.249255
       9.345000    126.632941
       9.355000    127.018824
       9.365000    127.417882
       9.375000    127.801725
       9.385000    128.194824
       9.395000    128.604706
       9.405000    129.008314
       9.415000    129.409882
       9.425000    129.810196
       9.435000    130.222431
       9.445000    130.646275
       9.455000    131.050353
       9.465000    131.450510
       9.475000    131.849255
       9.485000    132.257255
       9.495000    132.666039
       9.505000    133.067294
       9.515000    133.481255
       9.525000    133.898039
       9.535000    134.307608
       9.545000    134.718588
       9.555000    135.123608
       9.565000    135.511843
       9.575000    135.937412
       9.585000    136.354980
       9.595000    136.772863
       9.605000    137.192784
       9.615000    137.618510
       9.625000    138.038431
       9.635000    138.464471
       9.645000    138.884078
       9.655000    139.306510
       9.665000    139.728941
       9.675000    140.150118
       9.685000    140.575373
       9.695000    140.998275
       9.705000    141.424157
       9.715000    141.848471
       9.725000    142.270902
       9.735000    142.711843
       9.745000    143.130353
       9.755000    143.568784
       9.765000    143.991686
       9.775000    144.417569
       9.785000    144.850039
       9.795000    145.287373
       9.805000    145.725020
       9.815000    146.169569
       9.825000    146.610353
       9.835000    147.052392
       9.845000    147.488627
       9.855000    147.918431
       9.865000    148.358118
       9.875000    148.797176
       9.885000    149.240314
       9.895000    149.695373
       9.905000    150.132078
       9.915000    150.563294
       9.925000    151.009098
       9.935000    151.439529
       9.945000    151.875137
       9.955000    152.318902
       9.965000    152.757804
       9.975000    153.198431
       9.985000    153.649412
       9.995000    154.083294
      10.005000    154.526745
      10.015000    154.975529
      10.025000    155.424471
      10.035000    155.874039
      10.045000    156.333804
      10.055000    156.776471
      10.065000    157.224627
      10.075000    157.671686
      10.085000    158.111686
      10.095000    158.569569
      10.105000    159.026510
      10.115000    159.480000
      10.125000    159.931608
      10.135000    160.389490
      10.145000    160.838745
      10.155000    161.304157
      10.165000    161.761725
      10.175000    162.209098
      10.185000    162.657412
      10.195000    163.125333
      10.205000    163.584471
      10.215000    164.040784
      10.225000    164.493333
      10.235000    164.942275
      10.245000    165.404863
      10.255000    165.867451
      10.265000    166.320157
      10.275000    166.778039
      10.285000    167.252392
      10.295000    167.711059
      10.305000    168.200471
      10.315000    168.664627
      10.325000    169.119529
      10.335000    169.594667
      10.345000    170.061490
      10.355000    170.533176
      10.365000    171.014588
      10.375000    171.488314
      10.385000    171.954196
      10.395000    172.421333
      10.405000    172.905725
      10.415000    173.389804
      10.425000    173.859608
      10.435000    174.341490
      10.445000    174.815373
      10.455000    175.287686
      10.465000    175.747137
      10.475000    176.235451
      10.485000    176.726745
      10.495000    177.204706
      10.505000    177.692392
      10.515000    178.182431
      10.525000    178.660235
      10.535000    179.146824
      10.545000    179.640941
      10.555000    180.138196
      10.565000    180.634824
      10.575000    181.115451
      10.585000    181.609725
      10.595000    182.104627
      10.605000    182.594353
      10.615000    183.106980
      10.625000    183.613961
      10.635000    184.105412
      10.645000    184.608157
      10.655000    185.098824
      10.665000    185.601098
      10.675000    186.089725
      10.685000    186.598118
      10.695000    187.104314
      10.705000    187.574745
      10.715000    188.071529
      10.725000    188.574431
      10.735000    189.064314
      10.745000    189.569725
      10.755000    190.079216
      10.765000    190.580392
      10.775000    191.087529
      10.785000    191.598431
      10.795000    192.115922
      10.805000    192.621961
      10.815000    193.135216
      10.825000    193.639843
      10.835000    194.161098
      10.845000    194.685647
      10.855000    195.193255
      10.865000    195.694431
      10.875000    196.213020
      10.885000    196.739294
      10.895000    197.258196
      10.905000    197.794510
      10.915000    198.305569
      10.925000    198.833098
      10.935000    199.344784
      10.945000    199.866824
      10.955000    200.401255
      10.965000    200.934275
      10.975000    201.465725
      10.985000    201.997333
      10.995000    202.528627
      11.005000    203.076392
      11.015000    203.607843
      11.025000    204.142745
      11.035000    204.669020
      11.045000    205.211765
      11.055000    205.743216
      11.065000    206.281569
      11.075000    206.812392
      11.085000    207.357176
      11.095000    207.895686
      11.105000    208.436235
      11.115000    208.996706
      11.125000    209.550431
      11.135000    210.098196
      11.145000    210.634980
      11.155000    211.176471
      11.165000    211.730980
      11.175000    212.263216
      11.185000    212.813020
      11.195000    213.353569
      11.205000    213.909490
      11.215000    214.448000
      11.225000    215.008000
      11.235000    215.568314
      11.245000    216.121882
      11.255000    216.665882
      11.265000    217.241725
      11.275000    217.794039
      11.285000    218.340078
      11.295000    218.898196
      11.305000    219.456000
      11.315000    220.024941
      11.325000    220.587765
      11.335000    221.160000
      11.345000    221.734118
      11.355000    222.309961
      11.365000    222.875608
      11.375000    223.448627
      11.385000    224.015216
      11.395000    224.579451
      11.405000    225.142118
      11.415000    225.711843
      11.425000    226.279373
      11.435000    226.861020
      11.445000    227.427922
      11.455000    228.008627
      11.465000    228.586667
      11.475000    229.155922
      11.485000    229.741020
      11.495000    230.302431
      11.505000    230.875451
      11.515000    231.456314
      11.525000    232.047059
      11.535000    232.632157
      11.545000    233.210980
      11.555000    233.807059
      11.565000    234.376314
      11.575000    234.960314
      11.585000    235.534275
      11.595000    236.130824
      11.605000    236.729725
      11.615000    237.323137
      11.625000    237.901020
      11.635000    238.498824
      11.645000    239.109647
      11.655000    239.729255
      11.665000    240.312000
      11.675000    240.918275
      11.685000    241.511373
      11.695000    242.121098
      11.705000    242.729255
      11.715000    243.338824
      11.725000    243.968000
      11.735000    244.584471
      11.745000    245.208314
      11.755000    245.815373
      11.765000    246.442980
      11.775000    247.044078
      11.785000    247.644549
      11.795000    248.269020
      11.805000    248.902745
      11.815000    249.516706
      11.825000    250.118902
      11.835000    250.726275
      11.845000    251.339922
      11.855000    251.969412
      11.865000    252.592471
      11.875000    253.198118
      11.885000    253.817255
      11.895000    254.441098
      11.905000    255.074039
      11.915000    255.705255
      11.925000    256.336941
      11.935000    256.979137
      11.945000    257.615843
      11.955000    258.241569
      11.965000    258.877961
      11.975000    259.517804
      11.985000    260.162196
      11.995000    260.790431
      12.005000    261.417569
      12.015000    262.061020
      12.025000    262.697255
      12.035000    263.344627
      12.045000    263.993882
      12.055000    264.631059
      12.065000    265.285020
      12.075000    265.920784
      12.085000    266.570510
      12.095000    267.216784
      12.105000    267.874510
      12.115000    268.505412
      12.125000    269.163451
      12.135000    269.806588
      12.145000    270.477647
      12.155000    271.148078
      12.165000    271.799373
      12.175000    272.459294
      12.185000    273.119373
      12.195000    273.785412
      12.205000    274.446902
      12.215000    275.127059
      12.225000    275.804392
      12.235000    276.467922
      12.245000    277.138196
      12.255000    277.810980
      12.265000    278.488471
      12.275000    279.176784
      12.285000    279.829804
      12.295000    280.489882
      12.305000    281.148549
      12.315000    281.839216
      12.325000    282.534588
      12.335000    283.221490
      12.345000    283.917647
      12.355000    284.603765
      12.365000    285.283608
      12.375000    285.972392
      12.385000    286.652706
      12.395000    287.338039
      12.405000    288.032157
      12.415000    288.727686
      12.425000    289.405647
      12.435000    290.094431
      12.445000    290.793098
      12.455000    291.506039
      12.465000    292.201569
      12.475000    292.905412
      12.485000    293.592314
      12.495000    294.282353
      12.505000    294.998745
      12.515000    295.704157
      12.525000    296.410353
      12.535000    297.102902
      12.545000    297.806745
      12.555000    298.527373
      12.565000    299.235922
      12.575000    299.949333
      12.585000    300.661020
      12.595000    301.395765
      12.605000    302.104000
      12.615000    302.809882
      12.625000    303.529255
      12.635000    304.246275
      12.645000    304.971922
      12.655000    305.699608
      12.665000    306.450667
      12.675000    307.182275
      12.685000    307.921255
      12.695000    308.640314
      12.705000    309.361412
      12.715000    310.070588
      12.725000    310.802353
      12.735000    311.536000
      12.745000    312.283451
      12.755000    313.046902
      12.765000    313.791529
      12.775000    314.542431
      12.785000    315.286275
      12.795000    316.037804
      12.805000    316.788706
      12.815000    317.526745
      12.825000    318.292706
      12.835000    319.018980
      12.845000    319.775529
      12.855000    320.528314
      12.865000    321.266980
      12.875000    322.018039
      12.885000    322.764235
      12.895000    323.530667
      12.905000    324.306510
      12.915000    325.073882
      12.925000    325.843765
      12.935000    326.606275
      12.945000    327.362353
      12.955000    328.142118
      12.965000    328.910431
      12.975000    329.680784
      12.985000    330.464627
      12.995000    331.230118
      13.005000    331.989804
      13.015000    332.787451
      13.025000    333.573804
      13.035000    334.365176
      13.045000    335.141804
      13.055000    335.927843
      13.065000    336.694118
      13.075000    337.463216
      13.085000    338.256157
      13.095000    339.043608
      13.105000    339.835608
      13.115000    340.626824
      13.125000    341.434510
      13.135000    342.226980
      13.145000    343.017569
      13.155000    343.812078
      13.165000    344.600784
      13.175000    345.416941
      13.185000    346.213333
      13.195000    347.006902
      13.205000    347.828392
      13.215000    348.638118
      13.225000    349.439373
      13.235000    350.244706
      13.245000    351.037647
      13.255000    351.850353
      13.265000    352.664157
      13.275000    353.491137
      13.285000    354.312784
      13.295000    355.113569
      13.305000    355.929569
      13.315000    356.754039
      13.325000    357.589961
      13.335000    358.428392
      13.345000    359.260235
      13.355000    360.080000
      13.365000    360.899922
      13.375000    361.737255
      13.385000    362.584157
      13.395000    363.427137
      13.405000    364.256157
      13.415000    365.078275
      13.425000    365.925647
      13.435000    366.782588
      13.445000    367.598745
      13.455000    368.443608
      13.465000    369.292078
      13.475000    370.117961
      13.485000    370.962667
      13.495000    371.806745
      13.505000    372.643765
      13.515000    373.491922
      13.525000    374.326275
      13.535000    375.160627
      13.545000    376.021804
      13.555000    376.875922
      13.565000    377.733020
      13.575000    378.609882
      13.585000    379.476549
      13.595000    380.344627
      13.605000    381.210039
      13.615000    382.086902
      13.625000    382.966902
      13.635000    383.841569
      13.645000    384.718588
      13.655000    385.599529
      13.665000    386.480314
      13.675000    387.375843
      13.685000    388.254118
      13.695000    389.151216
      13.705000    390.023059
      13.715000    390.909647
      13.725000    391.785569
      13.735000    392.664157
      13.745000    393.554824
      13.755000    394.439216
      13.765000    395.352157
      13.775000    396.248157
      13.785000    397.157490
      13.795000    398.056627
      13.805000    398.944784
      13.815000    399.832000
      13.825000    400.716078
      13.835000    401.620549
      13.845000    402.509333
      13.855000    403.432627
      13.865000    404.333961
      13.875000    405.270431
      13.885000    406.195765
      13.895000    407.100549
      13.905000    408.025412
      13.915000    408.945412
      13.925000    409.881725
      13.935000    410.795608
      13.945000    411.722667
      13.955000    412.636235
      13.965000    413.570510
      13.975000    414.488471
      13.985000    415.420863
      13.995000    416.342745
      14.005000    417.282667
      14.015000    418.211765
      14.025000    419.128157
      14.035000    420.086902
      14.045000    421.012078
      14.055000    421.950275
      14.065000    422.895686
      14.075000    423.844549
      14.085000    424.769098
      14.095000    425.718902
      14.105000    426.688784
      14.115000    427.652706
      14.125000    428.598588
      14.135000    429.538510
      14.145000    430.486118
      14.155000    431.446588
      14.165000    432.406118
      14.175000    433.342588
      14.185000    434.314510
      14.195000    435.270431
      14.205000    436.248000
      14.215000    437.226667
      14.225000    438.194196
      14.235000    439.176627
      14.245000    440.169882
      14.255000    441.142588
      14.265000    442.112941
      14.275000    443.102902
      14.285000    444.082980
      14.295000    445.052078
      14.305000    446.038431
      14.315000    447.011137
      14.325000    447.990902
      14.335000    448.968627
      14.345000    449.946824
      14.355000    450.941490
      14.365000    451.949176
      14.375000    452.935843
      14.385000    453.937098
      14.395000    454.946824
      14.405000    455.941333
      14.415000    456.938039
      14.425000    457.949176
      14.435000    458.951843
      14.445000    459.946980
      14.455000    460.957647
      14.465000    461.965333
      14.475000    462.985569
      14.485000    464.001725
      14.495000    465.007373
      14.505000    466.042353
      14.515000    467.052235
      14.525000    468.054588
      14.535000    469.093804
      14.545000    470.101490
      14.555000    471.135686
      14.565000    472.147608
      14.575000    473.167529
      14.585000    474.199686
      14.595000    475.231529
      14.605000    476.262588
      14.615000    477.306353
      14.625000    478.331608
      14.635000    479.395451
      14.645000    480.415686
      14.655000    481.446431
      14.665000    482.522824
      14.675000    483.584000
      14.685000    484.613647
      14.695000    485.666039
      14.705000    486.723451
      14.715000    487.768157
      14.725000    488.828549
      14.735000    489.889255
      14.745000    490.962667
      14.755000    492.037020
      14.765000    493.081882
      14.775000    494.151216
      14.785000    495.243451
      14.795000    496.313569
      14.805000    497.392471
      14.815000    498.457098
      14.825000    499.524549
      14.835000    500.613490
      14.845000    501.679529
      14.855000    502.780392
      14.865000    503.888314
      14.875000    504.958902
      14.885000    506.074196
      14.895000    507.178980
      14.905000    508.253804
      14.915000    509.343529
      14.925000    510.412235
      14.935000    511.512000
      14.945000    512.614431
      14.955000    513.713412
      14.965000    514.804235
      14.975000    515.898824
      14.985000    516.990118
      14.995000    518.084863
