#Distance_(Ang) :WAT@H1,H2_=>_:339@O2A
       0.005000               0.000000
       0.015000               0.000000
       0.025000               0.000000
       0.035000               0.000000
       0.045000               0.000000
       0.055000               0.000000
       0.065000               0.000000
       0.075000               0.000000
       0.085000               0.000000
       0.095000               0.000000
       0.105000               0.000000
       0.115000               0.000000
       0.125000               0.000000
       0.135000               0.000000
       0.145000               0.000000
       0.155000               0.000000
       0.165000               0.000000
       0.175000               0.000000
       0.185000               0.000000
       0.195000               0.000000
       0.205000               0.000000
       0.215000               0.000000
       0.225000               0.000000
       0.235000               0.000000
       0.245000               0.000000
       0.255000               0.000000
       0.265000               0.000000
       0.275000               0.000000
       0.285000               0.000000
       0.295000               0.000000
       0.305000               0.000000
       0.315000               0.000000
       0.325000               0.000000
       0.335000               0.000000
       0.345000               0.000000
       0.355000               0.000000
       0.365000               0.000000
       0.375000               0.000000
       0.385000               0.000000
       0.395000               0.000000
       0.405000               0.000000
       0.415000               0.000000
       0.425000               0.000000
       0.435000               0.000000
       0.445000               0.000000
       0.455000               0.000000
       0.465000               0.000000
       0.475000               0.000000
       0.485000               0.000000
       0.495000               0.000000
       0.505000               0.000000
       0.515000               0.000000
       0.525000               0.000000
       0.535000               0.000000
       0.545000               0.000000
       0.555000               0.000000
       0.565000               0.000000
       0.575000               0.000000
       0.585000               0.000000
       0.595000               0.000000
       0.605000               0.000000
       0.615000               0.000000
       0.625000               0.000000
       0.635000               0.000000
       0.645000               0.000000
       0.655000               0.000000
       0.665000               0.000000
       0.675000               0.000000
       0.685000               0.000000
       0.695000               0.000000
       0.705000               0.000000
       0.715000               0.000000
       0.725000               0.000000
       0.735000               0.000000
       0.745000               0.000000
       0.755000               0.000000
       0.765000               0.000000
       0.775000               0.000000
       0.785000               0.000000
       0.795000               0.000000
       0.805000               0.000000
       0.815000               0.000000
       0.825000               0.000000
       0.835000               0.000000
       0.845000               0.000000
       0.855000               0.000000
       0.865000               0.000000
       0.875000               0.000000
       0.885000               0.000000
       0.895000               0.000000
       0.905000               0.000000
       0.915000               0.000000
       0.925000               0.000000
       0.935000               0.000000
       0.945000               0.000000
       0.955000               0.000000
       0.965000               0.000000
       0.975000               0.000000
       0.985000               0.000000
       0.995000               0.000000
       1.005000               0.000000
       1.015000               0.000000
       1.025000               0.000000
       1.035000               0.000000
       1.045000               0.000000
       1.055000               0.000000
       1.065000               0.000000
       1.075000               0.000000
       1.085000               0.000000
       1.095000               0.000000
       1.105000               0.000000
       1.115000               0.000000
       1.125000               0.000000
       1.135000               0.000000
       1.145000               0.000000
       1.155000               0.000000
       1.165000               0.000000
       1.175000               0.000000
       1.185000               0.000000
       1.195000               0.000000
       1.205000               0.000000
       1.215000               0.000000
       1.225000               0.000000
       1.235000               0.000000
       1.245000               0.000000
       1.255000               0.000000
       1.265000               0.000000
       1.275000               0.000000
       1.285000               0.000000
       1.295000               0.000000
       1.305000               0.000000
       1.315000               0.000000
       1.325000               0.000000
       1.335000               0.000000
       1.345000               0.000000
       1.355000               0.000000
       1.365000               0.000000
       1.375000               0.000000
       1.385000               0.000000
       1.395000               0.000000
       1.405000               0.000000
       1.415000               0.000000
       1.425000               0.000000
       1.435000               0.000000
       1.445000               0.000000
       1.455000               0.000000
       1.465000               0.000000
       1.475000               0.000000
       1.485000               0.000000
       1.495000               0.000000
       1.505000               0.000000
       1.515000               0.000000
       1.525000               0.000000
       1.535000               0.009294
       1.545000               0.009174
       1.555000               0.000000
       1.565000               0.008941
       1.575000               0.017656
       1.585000               0.017434
       1.595000               0.043039
       1.605000               0.034004
       1.615000               0.058772
       1.625000               0.066344
       1.635000               0.081918
       1.645000               0.105203
       1.655000               0.151906
       1.665000               0.165885
       1.675000               0.179521
       1.685000               0.262239
       1.695000               0.312509
       1.705000               0.301321
       1.715000               0.387162
       1.725000               0.316452
       1.735000               0.363738
       1.745000               0.409922
       1.755000               0.391044
       1.765000               0.478010
       1.775000               0.521293
       1.785000               0.515469
       1.795000               0.502945
       1.805000               0.625095
       1.815000               0.684702
       1.825000               0.736394
       1.835000               0.663355
       1.845000               0.559686
       1.855000               0.757315
       1.865000               0.761808
       1.875000               0.666498
       1.885000               0.708750
       1.895000               0.664700
       1.905000               0.591363
       1.915000               0.764346
       1.925000               0.620505
       1.935000               0.532227
       1.945000               0.596233
       1.955000               0.572960
       1.965000               0.686243
       1.975000               0.668083
       1.985000               0.583561
       1.995000               0.605236
       2.005000               0.588319
       2.015000               0.539346
       2.025000               0.534033
       2.035000               0.512933
       2.045000               0.397965
       2.055000               0.627451
       2.065000               0.508409
       2.075000               0.488262
       2.085000               0.382842
       2.095000               0.444058
       2.105000               0.454676
       2.115000               0.425909
       2.125000               0.470405
       2.135000               0.413162
       2.145000               0.399800
       2.155000               0.433822
       2.165000               0.415807
       2.175000               0.388847
       2.185000               0.472446
       2.195000               0.277255
       2.205000               0.324290
       2.215000               0.307978
       2.225000               0.314063
       2.235000               0.293723
       2.245000               0.304147
       2.255000               0.305762
       2.265000               0.341485
       2.275000               0.241174
       2.285000               0.272621
       2.295000               0.216200
       2.305000               0.284397
       2.315000               0.339152
       2.325000               0.295730
       2.335000               0.273120
       2.345000               0.242919
       2.355000               0.292192
       2.365000               0.262320
       2.375000               0.221292
       2.385000               0.223290
       2.395000               0.221429
       2.405000               0.234736
       2.415000               0.195248
       2.425000               0.197365
       2.435000               0.240068
       2.445000               0.194150
       2.455000               0.207105
       2.465000               0.245072
       2.475000               0.225221
       2.485000               0.184403
       2.495000               0.172375
       2.505000               0.272206
       2.515000               0.197341
       2.525000               0.202650
       2.535000               0.262393
       2.545000               0.219764
       2.555000               0.211338
       2.565000               0.223007
       2.575000               0.224581
       2.585000               0.232678
       2.595000               0.204873
       2.605000               0.264616
       2.615000               0.236977
       2.625000               0.241531
       2.635000               0.264933
       2.645000               0.250413
       2.655000               0.254743
       2.665000               0.255919
       2.675000               0.293793
       2.685000               0.276421
       2.695000               0.283419
       2.705000               0.287313
       2.715000               0.320850
       2.725000               0.244773
       2.735000               0.322030
       2.745000               0.284813
       2.755000               0.314486
       2.765000               0.286436
       2.775000               0.321344
       2.785000               0.324688
       2.795000               0.381236
       2.805000               0.331207
       2.815000               0.345439
       2.825000               0.386902
       2.835000               0.354206
       2.845000               0.416653
       2.855000               0.384187
       2.865000               0.408188
       2.875000               0.397406
       2.885000               0.420966
       2.895000               0.467707
       2.905000               0.464493
       2.915000               0.469043
       2.925000               0.557986
       2.935000               0.483010
       2.945000               0.525183
       2.955000               0.519127
       2.965000               0.480758
       2.975000               0.470108
       2.985000               0.528406
       2.995000               0.546856
       3.005000               0.552922
       3.015000               0.539625
       3.025000               0.646147
       3.035000               0.558687
       3.045000               0.571556
       3.055000               0.567821
       3.065000               0.631723
       3.075000               0.629937
       3.085000               0.556831
       3.095000               0.637825
       3.105000               0.576938
       3.115000               0.618376
       3.125000               0.618910
       3.135000               0.675128
       3.145000               0.635417
       3.155000               0.664395
       3.165000               0.725787
       3.175000               0.712533
       3.185000               0.658414
       3.195000               0.615685
       3.205000               0.673673
       3.215000               0.661015
       3.225000               0.648500
       3.235000               0.613109
       3.245000               0.675884
       3.255000               0.671738
       3.265000               0.667629
       3.275000               0.683976
       3.285000               0.608792
       3.295000               0.645443
       3.305000               0.701687
       3.315000               0.655613
       3.325000               0.647713
       3.335000               0.661555
       3.345000               0.651734
       3.355000               0.606999
       3.365000               0.676887
       3.375000               0.647889
       3.385000               0.602021
       3.395000               0.687777
       3.405000               0.655411
       3.415000               0.629045
       3.425000               0.647779
       3.435000               0.575343
       3.445000               0.625518
       3.455000               0.554025
       3.465000               0.620142
       3.475000               0.569428
       3.485000               0.643696
       3.495000               0.600577
       3.505000               0.609633
       3.515000               0.671749
       3.525000               0.567487
       3.535000               0.604587
       3.545000               0.594211
       3.555000               0.582208
       3.565000               0.553101
       3.575000               0.555151
       3.585000               0.601471
       3.595000               0.586269
       3.605000               0.572911
       3.615000               0.571421
       3.625000               0.529944
       3.635000               0.616528
       3.645000               0.614798
       3.655000               0.581932
       3.665000               0.575500
       3.675000               0.551293
       3.685000               0.633776
       3.695000               0.587044
       3.705000               0.599832
       3.715000               0.520445
       3.725000               0.568157
       3.735000               0.585526
       3.745000               0.613631
       3.755000               0.590177
       3.765000               0.517527
       3.775000               0.611600
       3.785000               0.562516
       3.795000               0.585404
       3.805000               0.576281
       3.815000               0.583796
       3.825000               0.567277
       3.835000               0.588146
       3.845000               0.583609
       3.855000               0.632160
       3.865000               0.589312
       3.875000               0.576066
       3.885000               0.607926
       3.895000               0.609138
       3.905000               0.583046
       3.915000               0.597216
       3.925000               0.611234
       3.935000               0.609546
       3.945000               0.603645
       3.955000               0.617396
       3.965000               0.605929
       3.975000               0.634760
       3.985000               0.586072
       3.995000               0.640770
       4.005000               0.677166
       4.015000               0.660212
       4.025000               0.608274
       4.035000               0.599883
       4.045000               0.694622
       4.055000               0.665897
       4.065000               0.636119
       4.075000               0.611901
       4.085000               0.639092
       4.095000               0.643810
       4.105000               0.553607
       4.115000               0.620755
       4.125000               0.629332
       4.135000               0.582745
       4.145000               0.638568
       4.155000               0.608860
       4.165000               0.599628
       4.175000               0.621886
       4.185000               0.613916
       4.195000               0.609748
       4.205000               0.631621
       4.215000               0.636023
       4.225000               0.635470
       4.235000               0.621483
       4.245000               0.642864
       4.255000               0.624121
       4.265000               0.644072
       4.275000               0.639864
       4.285000               0.627340
       4.295000               0.637480
       4.305000               0.586076
       4.315000               0.620999
       4.325000               0.594717
       4.335000               0.573331
       4.345000               0.575335
       4.355000               0.626963
       4.365000               0.612600
       4.375000               0.600650
       4.385000               0.589942
       4.395000               0.612202
       4.405000               0.592497
       4.415000               0.594310
       4.425000               0.628533
       4.435000               0.595642
       4.445000               0.543089
       4.455000               0.592512
       4.465000               0.585468
       4.475000               0.552235
       4.485000               0.596588
       4.495000               0.564673
       4.505000               0.645253
       4.515000               0.581166
       4.525000               0.586087
       4.535000               0.561144
       4.545000               0.571399
       4.555000               0.578392
       4.565000               0.576912
       4.575000               0.575439
       4.585000               0.545847
       4.595000               0.562143
       4.605000               0.578292
       4.615000               0.550084
       4.625000               0.585587
       4.635000               0.589179
       4.645000               0.582585
       4.655000               0.583116
       4.665000               0.564518
       4.675000               0.570122
       4.685000               0.588642
       4.695000               0.563288
       4.705000               0.576724
       4.715000               0.608757
       4.725000               0.576756
       4.735000               0.572369
       4.745000               0.588439
       4.755000               0.567564
       4.765000               0.541073
       4.775000               0.576266
       4.785000               0.571947
       4.795000               0.560992
       4.805000               0.584269
       4.815000               0.577121
       4.825000               0.538987
       4.835000               0.496480
       4.845000               0.560668
       4.855000               0.532347
       4.865000               0.547740
       4.875000               0.618290
       4.885000               0.568959
       4.895000               0.542875
       4.905000               0.538843
       4.915000               0.521242
       4.925000               0.585937
       4.935000               0.593456
       4.945000               0.580311
       4.955000               0.575296
       4.965000               0.583641
       4.975000               0.550330
       4.985000               0.603641
       4.995000               0.576651
       5.005000               0.574349
       5.015000               0.592958
       5.025000               0.544636
       5.035000               0.580482
       5.045000               0.576463
       5.055000               0.583611
       5.065000               0.565090
       5.075000               0.551812
       5.085000               0.553878
       5.095000               0.587981
       5.105000               0.588200
       5.115000               0.609339
       5.125000               0.590288
       5.135000               0.586330
       5.145000               0.559235
       5.155000               0.538938
       5.165000               0.563942
       5.175000               0.596926
       5.185000               0.586481
       5.195000               0.576111
       5.205000               0.594107
       5.215000               0.574116
       5.225000               0.567910
       5.235000               0.568139
       5.245000               0.603388
       5.255000               0.605059
       5.265000               0.606713
       5.275000               0.602841
       5.285000               0.579393
       5.295000               0.577987
       5.305000               0.553245
       5.315000               0.542638
       5.325000               0.583850
       5.335000               0.587049
       5.345000               0.597119
       5.355000               0.602527
       5.365000               0.612456
       5.375000               0.592746
       5.385000               0.611691
       5.395000               0.611683
       5.405000               0.636407
       5.415000               0.595970
       5.425000               0.602704
       5.435000               0.590851
       5.445000               0.591637
       5.455000               0.591678
       5.465000               0.615910
       5.475000               0.568368
       5.485000               0.600509
       5.495000               0.583095
       5.505000               0.583146
       5.515000               0.575274
       5.525000               0.575345
       5.535000               0.590423
       5.545000               0.579749
       5.555000               0.577663
       5.565000               0.574882
       5.575000               0.594664
       5.585000               0.586920
       5.595000               0.558940
       5.605000               0.586224
       5.615000               0.583443
       5.625000               0.605594
       5.635000               0.578619
       5.645000               0.563514
       5.655000               0.595762
       5.665000               0.576601
       5.675000               0.565051
       5.685000               0.586780
       5.695000               0.573243
       5.705000               0.589402
       5.715000               0.581307
       5.725000               0.587295
       5.735000               0.561280
       5.745000               0.573924
       5.755000               0.589123
       5.765000               0.587081
       5.775000               0.548935
       5.785000               0.569287
       5.795000               0.547761
       5.805000               0.563421
       5.815000               0.535580
       5.825000               0.582793
       5.835000               0.561502
       5.845000               0.533302
       5.855000               0.577475
       5.865000               0.557045
       5.875000               0.577357
       5.885000               0.586146
       5.895000               0.568405
       5.905000               0.577158
       5.915000               0.576459
       5.925000               0.553930
       5.935000               0.531549
       5.945000               0.579331
       5.955000               0.579239
       5.965000               0.566220
       5.975000               0.568007
       5.985000               0.602792
       5.995000               0.573363
       6.005000               0.589067
       6.015000               0.568346
       6.025000               0.556206
       6.035000               0.558573
       6.045000               0.582495
       6.055000               0.590129
       6.065000               0.548893
       6.075000               0.586844
       6.085000               0.570722
       6.095000               0.595967
       6.105000               0.571102
       6.115000               0.575092
       6.125000               0.569129
       6.135000               0.565530
       6.145000               0.597907
       6.155000               0.584983
       6.165000               0.606133
       6.175000               0.576031
       6.185000               0.606799
       6.195000               0.580877
       6.205000               0.606875
       6.215000               0.569207
       6.225000               0.571900
       6.235000               0.568941
       6.245000               0.582281
       6.255000               0.588816
       6.265000               0.575222
       6.275000               0.593967
       6.285000               0.566577
       6.295000               0.568647
       6.305000               0.569048
       6.315000               0.588114
       6.325000               0.550128
       6.335000               0.591500
       6.345000               0.595076
       6.355000               0.567720
       6.365000               0.573505
       6.375000               0.596494
       6.385000               0.539837
       6.395000               0.578846
       6.405000               0.573837
       6.415000               0.575243
       6.425000               0.562844
       6.435000               0.596528
       6.445000               0.568318
       6.455000               0.607553
       6.465000               0.569523
       6.475000               0.612685
       6.485000               0.555080
       6.495000               0.577252
       6.505000               0.578583
       6.515000               0.574745
       6.525000               0.585329
       6.535000               0.568156
       6.545000               0.595560
       6.555000               0.578964
       6.565000               0.534521
       6.575000               0.542521
       6.585000               0.565115
       6.595000               0.535208
       6.605000               0.586797
       6.615000               0.556498
       6.625000               0.581263
       6.635000               0.569564
       6.645000               0.592152
       6.655000               0.575046
       6.665000               0.548180
       6.675000               0.552928
       6.685000               0.547355
       6.695000               0.568683
       6.705000               0.594753
       6.715000               0.558016
       6.725000               0.580568
       6.735000               0.559535
       6.745000               0.560283
       6.755000               0.563425
       6.765000               0.568938
       6.775000               0.556764
       6.785000               0.562735
       6.795000               0.568194
       6.805000               0.557540
       6.815000               0.550247
       6.825000               0.554277
       6.835000               0.566250
       6.845000               0.565999
       6.855000               0.563417
       6.865000               0.546443
       6.875000               0.560144
       6.885000               0.557132
       6.895000               0.555517
       6.905000               0.537834
       6.915000               0.560094
       6.925000               0.542495
       6.935000               0.524084
       6.945000               0.518490
       6.955000               0.519716
       6.965000               0.557498
       6.975000               0.559952
       6.985000               0.535010
       6.995000               0.538405
       7.005000               0.560075
       7.015000               0.552249
       7.025000               0.576859
       7.035000               0.581857
       7.045000               0.536525
       7.055000               0.554364
       7.065000               0.547531
       7.075000               0.540297
       7.085000               0.524377
       7.095000               0.549001
       7.105000               0.563507
       7.115000               0.526020
       7.125000               0.550858
       7.135000               0.540282
       7.145000               0.531049
       7.155000               0.539404
       7.165000               0.532781
       7.175000               0.513431
       7.185000               0.523032
       7.195000               0.552882
       7.205000               0.522663
       7.215000               0.526684
       7.225000               0.509705
       7.235000               0.536745
       7.245000               0.526921
       7.255000               0.548352
       7.265000               0.528173
       7.275000               0.545341
       7.285000               0.536005
       7.295000               0.553465
       7.305000               0.509272
       7.315000               0.530799
       7.325000               0.521596
       7.335000               0.522617
       7.345000               0.545956
       7.355000               0.504396
       7.365000               0.536939
       7.375000               0.526223
       7.385000               0.540861
       7.395000               0.511768
       7.405000               0.488821
       7.415000               0.537289
       7.425000               0.514791
       7.435000               0.524103
       7.445000               0.523486
       7.455000               0.537450
       7.465000               0.520685
       7.475000               0.503224
       7.485000               0.511261
       7.495000               0.503271
       7.505000               0.508151
       7.515000               0.526575
       7.525000               0.503907
       7.535000               0.512984
       7.545000               0.505086
       7.555000               0.517178
       7.565000               0.511602
       7.575000               0.515213
       7.585000               0.521469
       7.595000               0.510605
       7.605000               0.510021
       7.615000               0.535872
       7.625000               0.507725
       7.635000               0.530814
       7.645000               0.487837
       7.655000               0.531781
       7.665000               0.493495
       7.675000               0.514515
       7.685000               0.520222
       7.695000               0.506296
       7.705000               0.513836
       7.715000               0.510297
       7.725000               0.511546
       7.735000               0.507662
       7.745000               0.518764
       7.755000               0.495579
       7.765000               0.510284
       7.775000               0.494482
       7.785000               0.496103
       7.795000               0.505643
       7.805000               0.502191
       7.815000               0.535687
       7.825000               0.490687
       7.835000               0.521184
       7.845000               0.509893
       7.855000               0.517823
       7.865000               0.481814
       7.875000               0.486594
       7.885000               0.514595
       7.895000               0.514346
       7.905000               0.511994
       7.915000               0.504759
       7.925000               0.500697
       7.935000               0.497001
       7.945000               0.507199
       7.955000               0.501772
       7.965000               0.509487
       7.975000               0.501324
       7.985000               0.517242
       7.995000               0.505671
       8.005000               0.490739
       8.015000               0.491560
       8.025000               0.486936
       8.035000               0.513538
       8.045000               0.513616
       8.055000               0.513354
       8.065000               0.493901
       8.075000               0.491335
       8.085000               0.490456
       8.095000               0.494926
       8.105000               0.500372
       8.115000               0.503130
       8.125000               0.516157
       8.135000               0.504961
       8.145000               0.511644
       8.155000               0.487340
       8.165000               0.501914
       8.175000               0.485942
       8.185000               0.498811
       8.195000               0.496616
       8.205000               0.519802
       8.215000               0.499068
       8.225000               0.491058
       8.235000               0.487928
       8.245000               0.470639
       8.255000               0.528307
       8.265000               0.509077
       8.275000               0.509127
       8.285000               0.509174
       8.295000               0.493944
       8.305000               0.467990
       8.315000               0.513742
       8.325000               0.490706
       8.335000               0.500562
       8.345000               0.492131
       8.355000               0.480915
       8.365000               0.509809
       8.375000               0.472376
       8.385000               0.485889
       8.395000               0.485043
       8.405000               0.479860
       8.415000               0.491090
       8.425000               0.500723
       8.435000               0.501383
       8.445000               0.513400
       8.455000               0.484616
       8.465000               0.474915
       8.475000               0.506723
       8.485000               0.497012
       8.495000               0.490988
       8.505000               0.491650
       8.515000               0.495630
       8.525000               0.490250
       8.535000               0.490605
       8.545000               0.501754
       8.555000               0.467070
       8.565000               0.477920
       8.575000               0.502121
       8.585000               0.479559
       8.595000               0.486151
       8.605000               0.488274
       8.615000               0.497469
       8.625000               0.489840
       8.635000               0.494286
       8.645000               0.486697
       8.655000               0.483234
       8.665000               0.488244
       8.675000               0.490611
       8.685000               0.483385
       8.695000               0.485460
       8.705000               0.470185
       8.715000               0.479198
       8.725000               0.490470
       8.735000               0.483894
       8.745000               0.479638
       8.755000               0.485686
       8.765000               0.451228
       8.775000               0.499685
       8.785000               0.486347
       8.795000               0.473917
       8.805000               0.491484
       8.815000               0.470078
       8.825000               0.494320
       8.835000               0.486468
       8.845000               0.487049
       8.855000               0.478129
       8.865000               0.494885
       8.875000               0.490990
       8.885000               0.504865
       8.895000               0.485463
       8.905000               0.498457
       8.915000               0.489074
       8.925000               0.498150
       8.935000               0.471800
       8.945000               0.486620
       8.955000               0.490449
       8.965000               0.478184
       8.975000               0.486634
       8.985000               0.482025
       8.995000               0.505584
       9.005000               0.491769
       9.015000               0.486367
       9.025000               0.469159
       9.035000               0.477510
       9.045000               0.489838
       9.055000               0.494366
       9.065000               0.464761
       9.075000               0.505750
       9.085000               0.474656
       9.095000               0.473084
       9.105000               0.478913
       9.115000               0.472328
       9.125000               0.496541
       9.135000               0.490206
       9.145000               0.497252
       9.155000               0.502437
       9.165000               0.485698
       9.175000               0.487762
       9.185000               0.496564
       9.195000               0.496780
       9.205000               0.473733
       9.215000               0.473995
       9.225000               0.472968
       9.235000               0.475025
       9.245000               0.467080
       9.255000               0.491126
       9.265000               0.478842
       9.275000               0.477046
       9.285000               0.471955
       9.295000               0.508960
       9.305000               0.489150
       9.315000               0.487091
       9.325000               0.478996
       9.335000               0.482745
       9.345000               0.485473
       9.355000               0.498949
       9.365000               0.479906
       9.375000               0.492338
       9.385000               0.489549
       9.395000               0.491484
       9.405000               0.489202
       9.415000               0.485446
       9.425000               0.514738
       9.435000               0.484866
       9.445000               0.470093
       9.455000               0.485266
       9.465000               0.491086
       9.475000               0.485415
       9.485000               0.476846
       9.495000               0.470013
       9.505000               0.469024
       9.515000               0.486906
       9.525000               0.480574
       9.535000               0.480289
       9.545000               0.479523
       9.555000               0.498189
       9.565000               0.503131
       9.575000               0.504470
       9.585000               0.507470
       9.595000               0.479534
       9.605000               0.494440
       9.615000               0.488911
       9.625000               0.473713
       9.635000               0.491601
       9.645000               0.488228
       9.655000               0.451040
       9.665000               0.485507
       9.675000               0.472572
       9.685000               0.480702
       9.695000               0.473886
       9.705000               0.513598
       9.715000               0.495603
       9.725000               0.504310
       9.735000               0.494493
       9.745000               0.470650
       9.755000               0.492238
       9.765000               0.488474
       9.775000               0.475329
       9.785000               0.485107
       9.795000               0.479096
       9.805000               0.489736
       9.815000               0.490330
       9.825000               0.483888
       9.835000               0.491507
       9.845000               0.489379
       9.855000               0.484779
       9.865000               0.493473
       9.875000               0.474733
       9.885000               0.508959
       9.895000               0.483328
       9.905000               0.480790
       9.915000               0.495414
       9.925000               0.473074
       9.935000               0.494752
       9.945000               0.509257
       9.955000               0.479508
       9.965000               0.494645
       9.975000               0.496294
       9.985000               0.486076
       9.995000               0.483788
      10.005000               0.485666
      10.015000               0.465265
      10.025000               0.503776
      10.035000               0.479287
      10.045000               0.478767
      10.055000               0.490595
      10.065000               0.485513
      10.075000               0.501162
      10.085000               0.490695
      10.095000               0.481987
      10.105000               0.484465
      10.115000               0.487360
      10.125000               0.474863
      10.135000               0.482454
      10.145000               0.494270
      10.155000               0.487775
      10.165000               0.494234
      10.175000               0.487129
      10.185000               0.494195
      10.195000               0.472367
      10.205000               0.498147
      10.215000               0.488988
      10.225000               0.494106
      10.235000               0.491050
      10.245000               0.484668
      10.255000               0.494967
      10.265000               0.478209
      10.275000               0.495946
      10.285000               0.486081
      10.295000               0.513237
      10.305000               0.486670
      10.315000               0.492519
      10.325000               0.499988
      10.335000               0.472368
      10.345000               0.494168
      10.355000               0.485249
      10.365000               0.503882
      10.375000               0.488263
      10.385000               0.471688
      10.395000               0.520028
      10.405000               0.496779
      10.415000               0.501276
      10.425000               0.499912
      10.435000               0.492519
      10.445000               0.473711
      10.455000               0.485427
      10.465000               0.495698
      10.475000               0.496548
      10.485000               0.490820
      10.495000               0.480342
      10.505000               0.487961
      10.515000               0.484459
      10.525000               0.501528
      10.535000               0.499392
      10.545000               0.503369
      10.555000               0.496126
      10.565000               0.489105
      10.575000               0.510504
      10.585000               0.480027
      10.595000               0.492387
      10.605000               0.506841
      10.615000               0.500445
      10.625000               0.500473
      10.635000               0.478621
      10.645000               0.484100
      10.655000               0.508075
      10.665000               0.499229
      10.675000               0.485995
      10.685000               0.505226
      10.695000               0.477670
      10.705000               0.514423
      10.715000               0.511365
      10.725000               0.499560
      10.735000               0.488179
      10.745000               0.489926
      10.755000               0.503214
      10.765000               0.493020
      10.775000               0.507195
      10.785000               0.514915
      10.795000               0.489908
      10.805000               0.493316
      10.815000               0.495961
      10.825000               0.495419
      10.835000               0.506443
      10.845000               0.507744
      10.855000               0.510526
      10.865000               0.490479
      10.875000               0.501984
      10.885000               0.480177
      10.895000               0.506415
      10.905000               0.500146
      10.915000               0.497760
      10.925000               0.485841
      10.935000               0.503449
      10.945000               0.495401
      10.955000               0.504350
      10.965000               0.515452
      10.975000               0.498150
      10.985000               0.503958
      10.995000               0.505397
      11.005000               0.489833
      11.015000               0.511685
      11.025000               0.491480
      11.035000               0.515587
      11.045000               0.496882
      11.055000               0.498851
      11.065000               0.506892
      11.075000               0.497229
      11.085000               0.508807
      11.095000               0.492770
      11.105000               0.501649
      11.115000               0.506242
      11.125000               0.511525
      11.135000               0.491708
      11.145000               0.511806
      11.155000               0.521800
      11.165000               0.503826
      11.175000               0.503451
      11.185000               0.486447
      11.195000               0.527688
      11.205000               0.498142
      11.215000               0.502129
      11.225000               0.519136
      11.235000               0.522376
      11.245000               0.515732
      11.255000               0.508593
      11.265000               0.512350
      11.275000               0.506963
      11.285000               0.519305
      11.295000               0.516841
      11.305000               0.507874
      11.315000               0.497740
      11.325000               0.514448
      11.335000               0.513370
      11.345000               0.515868
      11.355000               0.506638
      11.365000               0.505747
      11.375000               0.516874
      11.385000               0.517994
      11.395000               0.517760
      11.405000               0.517357
      11.415000               0.521997
      11.425000               0.513870
      11.435000               0.502421
      11.445000               0.524280
      11.455000               0.515688
      11.465000               0.516455
      11.475000               0.504745
      11.485000               0.517978
      11.495000               0.519066
      11.505000               0.519653
      11.515000               0.528990
      11.525000               0.496748
      11.535000               0.525347
      11.545000               0.519180
      11.555000               0.525826
      11.565000               0.516240
      11.575000               0.526463
      11.585000               0.526696
      11.595000               0.530349
      11.605000               0.526183
      11.615000               0.533718
      11.625000               0.547546
      11.635000               0.530753
      11.645000               0.518053
      11.655000               0.523774
      11.665000               0.546212
      11.675000               0.524712
      11.685000               0.540013
      11.695000               0.512672
      11.705000               0.506202
      11.715000               0.529752
      11.725000               0.530601
      11.735000               0.526675
      11.745000               0.521651
      11.755000               0.517278
      11.765000               0.535067
      11.775000               0.531316
      11.785000               0.523635
      11.795000               0.541951
      11.805000               0.538833
      11.815000               0.539804
      11.825000               0.537169
      11.835000               0.513435
      11.845000               0.533795
      11.855000               0.537725
      11.865000               0.525153
      11.875000               0.518212
      11.885000               0.536254
      11.895000               0.525448
      11.905000               0.529819
      11.915000               0.528159
      11.925000               0.543904
      11.935000               0.534999
      11.945000               0.526430
      11.955000               0.541025
      11.965000               0.535838
      11.975000               0.524712
      11.985000               0.539082
      11.995000               0.535292
      12.005000               0.547164
      12.015000               0.528960
      12.025000               0.532624
      12.035000               0.521610
      12.045000               0.532215
      12.055000               0.543991
      12.065000               0.530001
      12.075000               0.543242
      12.085000               0.538444
      12.095000               0.545039
      12.105000               0.527550
      12.115000               0.538317
      12.125000               0.545175
      12.135000               0.535503
      12.145000               0.551102
      12.155000               0.545007
      12.165000               0.538341
      12.175000               0.554298
      12.185000               0.526250
      12.195000               0.558666
      12.205000               0.533642
      12.215000               0.541134
      12.225000               0.556514
      12.235000               0.536733
      12.245000               0.557472
      12.255000               0.539066
      12.265000               0.531345
      12.275000               0.542397
      12.285000               0.545142
      12.295000               0.549905
      12.305000               0.545975
      12.315000               0.535269
      12.325000               0.559629
      12.335000               0.545769
      12.345000               0.541149
      12.355000               0.543286
      12.365000               0.533384
      12.375000               0.545821
      12.385000               0.555077
      12.395000               0.545629
      12.405000               0.552292
      12.415000               0.566889
      12.425000               0.558743
      12.435000               0.558553
      12.445000               0.544647
      12.455000               0.549137
      12.465000               0.563196
      12.475000               0.544986
      12.485000               0.547204
      12.495000               0.553622
      12.505000               0.572483
      12.515000               0.556887
      12.525000               0.558790
      12.535000               0.562080
      12.545000               0.557149
      12.555000               0.557373
      12.565000               0.560232
      12.575000               0.543277
      12.585000               0.553751
      12.595000               0.548869
      12.605000               0.565778
      12.615000               0.562267
      12.625000               0.572643
      12.635000               0.542519
      12.645000               0.549604
      12.655000               0.564735
      12.665000               0.556198
      12.675000               0.561046
      12.685000               0.567238
      12.695000               0.552078
      12.705000               0.558263
      12.715000               0.561856
      12.725000               0.560973
      12.735000               0.566844
      12.745000               0.549507
      12.755000               0.569779
      12.765000               0.572515
      12.775000               0.577791
      12.785000               0.575950
      12.795000               0.579464
      12.805000               0.559862
      12.815000               0.560855
      12.825000               0.565839
      12.835000               0.571073
      12.845000               0.553195
      12.855000               0.564261
      12.865000               0.568941
      12.875000               0.575060
      12.885000               0.588281
      12.895000               0.558132
      12.905000               0.580016
      12.915000               0.559556
      12.925000               0.574290
      12.935000               0.575496
      12.945000               0.568204
      12.955000               0.584681
      12.965000               0.577917
      12.975000               0.570913
      12.985000               0.576527
      12.995000               0.570453
      13.005000               0.570612
      13.015000               0.564565
      13.025000               0.564860
      13.035000               0.563736
      13.045000               0.578829
      13.055000               0.553401
      13.065000               0.572183
      13.075000               0.581171
      13.085000               0.577597
      13.095000               0.580291
      13.105000               0.570735
      13.115000               0.568465
      13.125000               0.570268
      13.135000               0.575112
      13.145000               0.578293
      13.155000               0.569948
      13.165000               0.575148
      13.175000               0.580583
      13.185000               0.575545
      13.195000               0.589767
      13.205000               0.561496
      13.215000               0.576070
      13.225000               0.573822
      13.235000               0.564954
      13.245000               0.582202
      13.255000               0.572100
      13.265000               0.569495
      13.275000               0.576466
      13.285000               0.578205
      13.295000               0.590220
      13.305000               0.572633
      13.315000               0.582890
      13.325000               0.587195
      13.335000               0.578187
      13.345000               0.570927
      13.355000               0.582227
      13.365000               0.584666
      13.375000               0.582813
      13.385000               0.597222
      13.395000               0.579854
      13.405000               0.580207
      13.415000               0.571068
      13.425000               0.589051
      13.435000               0.584049
      13.445000               0.592509
      13.455000               0.598402
      13.465000               0.577705
      13.475000               0.577089
      13.485000               0.584784
      13.495000               0.583076
      13.505000               0.584254
      13.515000               0.580512
      13.525000               0.585041
      13.535000               0.592186
      13.545000               0.590238
      13.555000               0.587699
      13.565000               0.578740
      13.575000               0.592504
      13.585000               0.582377
      13.595000               0.591710
      13.605000               0.601607
      13.615000               0.571189
      13.625000               0.604324
      13.635000               0.589421
      13.645000               0.583618
      13.655000               0.576773
      13.665000               0.596804
      13.675000               0.588789
      13.685000               0.592723
      13.695000               0.594076
      13.705000               0.596240
      13.715000               0.586407
      13.725000               0.583809
      13.735000               0.578432
      13.745000               0.584777
      13.755000               0.581612
      13.765000               0.584350
      13.775000               0.598736
      13.785000               0.581965
      13.795000               0.584458
      13.805000               0.594183
      13.815000               0.578866
      13.825000               0.584331
      13.835000               0.579367
      13.845000               0.582644
      13.855000               0.596633
      13.865000               0.593039
      13.875000               0.588772
      13.885000               0.596216
      13.895000               0.577551
      13.905000               0.607414
      13.915000               0.583130
      13.925000               0.586358
      13.935000               0.598824
      13.945000               0.593686
      13.955000               0.600370
      13.965000               0.602879
      13.975000               0.589010
      13.985000               0.591639
      13.995000               0.599067
      14.005000               0.593746
      14.015000               0.578406
      14.025000               0.592722
      14.035000               0.599882
      14.045000               0.586706
      14.055000               0.589973
      14.065000               0.594115
      14.075000               0.594709
      14.085000               0.579183
      14.095000               0.610879
      14.105000               0.587559
      14.115000               0.589914
      14.125000               0.605762
      14.135000               0.596247
      14.145000               0.583912
      14.155000               0.592486
      14.165000               0.601145
      14.175000               0.593431
      14.185000               0.590527
      14.195000               0.588391
      14.205000               0.584741
      14.215000               0.599850
      14.225000               0.595544
      14.235000               0.597625
      14.245000               0.599484
      14.255000               0.607804
      14.265000               0.600925
      14.275000               0.596323
      14.285000               0.595273
      14.295000               0.588761
      14.305000               0.600566
      14.315000               0.598445
      14.325000               0.591420
      14.335000               0.594432
      14.345000               0.582003
      14.355000               0.604785
      14.365000               0.604898
      14.375000               0.595155
      14.385000               0.588825
      14.395000               0.580609
      14.405000               0.596900
      14.415000               0.605768
      14.425000               0.592510
      14.435000               0.592530
      14.445000               0.599581
      14.455000               0.596236
      14.465000               0.610902
      14.475000               0.594172
      14.485000               0.599197
      14.495000               0.597640
      14.505000               0.591092
      14.515000               0.585601
      14.525000               0.612820
      14.535000               0.602026
      14.545000               0.598404
      14.555000               0.600373
      14.565000               0.598826
      14.575000               0.592438
      14.585000               0.605009
      14.595000               0.598731
      14.605000               0.603045
      14.615000               0.599349
      14.625000               0.618802
      14.635000               0.598428
      14.645000               0.609659
      14.655000               0.607400
      14.665000               0.604535
      14.675000               0.601881
      14.685000               0.600656
      14.695000               0.599230
      14.705000               0.609859
      14.715000               0.604479
      14.725000               0.615273
      14.735000               0.600520
      14.745000               0.612598
      14.755000               0.592656
      14.765000               0.627012
      14.775000               0.601085
      14.785000               0.622712
      14.795000               0.614167
      14.805000               0.601848
      14.815000               0.613508
      14.825000               0.605108
      14.835000               0.602800
      14.845000               0.604969
      14.855000               0.608422
      14.865000               0.614937
      14.875000               0.612230
      14.885000               0.605675
      14.895000               0.615720
      14.905000               0.606614
      14.915000               0.607769
      14.925000               0.598697
      14.935000               0.617629
      14.945000               0.599253
      14.955000               0.604523
      14.965000               0.614862
      14.975000               0.603397
      14.985000               0.625510
      14.995000               0.622144
