pH  LYS2 LYS8 GL413 AS414 AS416 AS426 LYS33 LYS36 GL438 GL458 LYS66 GL475 AS476 GL479 LYS82 HIP87 GL488 AS4101 AS4103 HIP118 GL4133 GL4134 LYS137 LYS138 AS4151 AS4159 TYR162
3.5 0.000 0.000 0.129 0.091 0.340 0.547 0.014 0.000 0.976 0.095 0.000 0.018 0.402 0.333 0.000 0.004 0.110 0.375 0.529 0.001 0.270 0.357 0.000 0.000 0.384 0.285 0.000
4.0 0.000 0.000 0.234 0.187 0.578 0.733 0.013 0.000 0.985 0.193 0.000 0.050 0.579 0.377 0.001 0.012 0.250 0.489 0.671 0.002 0.467 0.547 0.000 0.000 0.610 0.518 0.000
4.5 0.000 0.000 0.376 0.334 0.783 0.881 0.020 0.000 0.996 0.377 0.000 0.142 0.727 0.429 0.001 0.031 0.470 0.643 0.784 0.008 0.686 0.719 0.000 0.000 0.799 0.738 0.000
5.0 0.000 0.001 0.535 0.523 0.900 0.954 0.050 0.000 1.000 0.667 0.000 0.341 0.831 0.484 0.002 0.071 0.702 0.804 0.877 0.022 0.852 0.856 0.000 0.000 0.913 0.887 0.000
5.5 0.000 0.001 0.679 0.728 0.956 0.981 0.105 0.001 1.000 0.840 0.001 0.558 0.899 0.539 0.004 0.145 0.863 0.909 0.948 0.064 0.943 0.937 0.000 0.000 0.965 0.957 0.000
6.0 0.000 0.002 0.818 0.874 0.983 0.990 0.189 0.001 1.000 0.915 0.002 0.745 0.945 0.634 0.008 0.283 0.942 0.960 0.980 0.192 0.978 0.975 0.000 0.000 0.988 0.985 0.000
6.5 0.001 0.003 0.920 0.949 0.994 0.995 0.318 0.002 1.000 0.959 0.005 0.879 0.971 0.784 0.010 0.520 0.975 0.982 0.993 0.471 0.992 0.991 0.000 0.000 0.996 0.995 0.000
7.0 0.001 0.004 0.969 0.982 0.998 0.997 0.504 0.004 1.000 0.983 0.011 0.954 0.987 0.903 0.012 0.753 0.990 0.993 0.997 0.770 0.997 0.997 0.001 0.001 0.998 0.999 0.000
7.5 0.003 0.008 0.989 0.994 0.999 0.999 0.711 0.009 1.000 0.993 0.023 0.982 0.995 0.957 0.019 0.884 0.996 0.997 0.999 0.927 0.999 0.999 0.003 0.003 0.999 0.999 0.000
8.0 0.006 0.017 0.996 0.998 1.000 1.000 0.861 0.024 1.000 0.997 0.051 0.993 0.998 0.981 0.034 0.946 0.999 0.999 1.000 0.979 1.000 1.000 0.008 0.009 1.000 1.000 0.000
8.5 0.020 0.038 0.998 0.999 1.000 1.000 0.938 0.062 1.000 0.999 0.121 0.997 0.999 0.989 0.070 0.973 0.999 1.000 1.000 0.993 1.000 1.000 0.023 0.028 1.000 1.000 0.001
9.0 0.055 0.088 0.999 1.000 1.000 1.000 0.970 0.157 1.000 1.000 0.263 0.998 0.999 0.992 0.152 0.985 1.000 1.000 1.000 0.998 1.000 1.000 0.064 0.077 1.000 1.000 0.004
9.5 0.143 0.183 0.999 1.000 1.000 1.000 0.984 0.332 1.000 1.000 0.474 0.999 1.000 0.993 0.301 0.993 1.000 1.000 1.000 0.999 1.000 1.000 0.162 0.191 1.000 1.000 0.011
10.0 0.323 0.338 1.000 1.000 1.000 1.000 0.992 0.576 1.000 1.000 0.700 0.999 1.000 0.992 0.498 0.998 1.000 1.000 1.000 1.000 1.000 1.000 0.353 0.396 1.000 1.000 0.032
