pH  LYS4 LYS10 GLU15 ASP16 ASP18 ASP28 LYS35 LYS38 GLU40 GLU60 LYS68 GLU77 ASP78 GLU81 LYS84 HIS89 GLU90 ASP103 ASP105 HIS120 GLU135 GLU136 LYS139 LYS140 ASP153 ASP161 TYR164 BLA170
3.5 0.000 0.000 0.140 0.088 0.469 1.000 0.000 0.000 0.057 0.972 0.001 0.007 0.466 0.226 0.001 0.003 0.130 0.425 0.495 0.001 0.298 0.364 0.000 0.000 0.382 0.248 0.000 0.892
4.0 0.000 0.001 0.260 0.180 0.655 1.000 0.000 0.001 0.142 0.989 0.002 0.020 0.591 0.319 0.001 0.006 0.293 0.556 0.624 0.002 0.482 0.544 0.000 0.000 0.622 0.474 0.000 0.953
4.5 0.000 0.001 0.438 0.318 0.814 1.000 0.000 0.002 0.328 0.997 0.003 0.054 0.671 0.414 0.002 0.012 0.539 0.695 0.753 0.006 0.677 0.723 0.000 0.000 0.817 0.700 0.000 0.981
5.0 0.000 0.001 0.613 0.509 0.911 1.000 0.000 0.002 0.596 0.999 0.003 0.134 0.766 0.484 0.002 0.023 0.761 0.825 0.866 0.015 0.842 0.863 0.000 0.000 0.925 0.855 0.000 0.992
5.5 0.000 0.002 0.767 0.722 0.963 1.000 0.000 0.003 0.816 1.000 0.004 0.298 0.850 0.576 0.004 0.047 0.895 0.920 0.940 0.047 0.932 0.943 0.000 0.000 0.972 0.941 0.000 0.998
6.0 0.001 0.003 0.876 0.875 0.986 1.000 0.000 0.004 0.931 1.000 0.005 0.528 0.920 0.691 0.006 0.098 0.954 0.971 0.977 0.142 0.975 0.976 0.000 0.000 0.990 0.980 0.000 0.999
6.5 0.002 0.004 0.944 0.951 0.995 1.000 0.001 0.006 0.975 1.000 0.008 0.741 0.963 0.820 0.009 0.186 0.981 0.991 0.992 0.363 0.991 0.992 0.000 0.000 0.996 0.994 0.000 1.000
7.0 0.003 0.006 0.979 0.983 0.998 1.000 0.002 0.008 0.992 1.000 0.012 0.888 0.986 0.920 0.012 0.344 0.992 0.998 0.997 0.667 0.997 0.997 0.001 0.001 0.999 0.998 0.000 1.000
7.5 0.004 0.012 0.993 0.994 0.999 1.000 0.006 0.015 0.997 1.000 0.024 0.957 0.995 0.968 0.018 0.582 0.997 0.999 0.999 0.873 0.999 0.999 0.003 0.003 1.000 0.999 0.001 1.000
8.0 0.010 0.028 0.998 0.998 1.000 1.000 0.014 0.032 0.999 1.000 0.051 0.984 0.998 0.986 0.036 0.800 0.999 1.000 1.000 0.959 1.000 1.000 0.008 0.010 1.000 1.000 0.004 1.000
8.5 0.026 0.067 0.999 0.999 1.000 1.000 0.039 0.076 1.000 1.000 0.111 0.993 0.999 0.992 0.081 0.917 1.000 1.000 1.000 0.987 1.000 1.000 0.023 0.028 1.000 1.000 0.012 1.000
9.0 0.067 0.142 1.000 1.000 1.000 1.000 0.100 0.171 1.000 1.000 0.225 0.997 1.000 0.994 0.170 0.966 1.000 1.000 1.000 0.996 1.000 1.000 0.065 0.078 1.000 1.000 0.034 1.000
9.5 0.158 0.256 1.000 1.000 1.000 1.000 0.232 0.323 1.000 1.000 0.378 0.998 1.000 0.996 0.294 0.985 1.000 1.000 1.000 0.998 1.000 1.000 0.160 0.194 1.000 1.000 0.090 1.000
10.0 0.338 0.392 1.000 1.000 1.000 1.000 0.443 0.521 1.000 1.000 0.567 0.999 1.000 0.998 0.439 0.994 1.000 1.000 1.000 0.999 1.000 1.000 0.340 0.405 1.000 1.000 0.228 1.000
